{"producer":{"name":"Blender","version":"2.78 (sub 0)","exporter_version":"5.2.0","file":"dersuntitled.babylon"},
"autoClear":true,"clearColor":[0.0509,0.0509,0.0509],"ambientColor":[0,0,0],"gravity":[0,-9.81,0],
"materials":[{"name":"dersuntitled.skin.medium.002","id":"dersuntitled.skin.medium.002","ambient":[0.7023,0.4828,0.3013],"diffuse":[0.5618,0.3863,0.241],"specular":[0.2409,0.1654,0.1029],"emissive":[0,0,0],"specularPower":12,"alpha":1,"backFaceCulling":true,"checkReadyOnlyOnce":false,"maxSimultaneousLights":4},
{"name":"dersuntitled.skin.light.shad.002","id":"dersuntitled.skin.light.shad.002","ambient":[0.3009,0.2133,0.1399],"diffuse":[0.2407,0.1706,0.1119],"specular":[0.5,0.5,0.5],"emissive":[0,0,0],"specularPower":50,"alpha":1,"backFaceCulling":true,"checkReadyOnlyOnce":false,"maxSimultaneousLights":4},
{"name":"dersuntitled.cloth.dark.002","id":"dersuntitled.cloth.dark.002","ambient":[0.0349,0.0236,0.0178],"diffuse":[0.0279,0.0189,0.0142],"specular":[0,0,0],"emissive":[0,0,0],"specularPower":11,"alpha":1,"backFaceCulling":true,"checkReadyOnlyOnce":false,"maxSimultaneousLights":4},
{"name":"dersuntitled.hood.darker.004","id":"dersuntitled.hood.darker.004","ambient":[0.0182,0.0146,0.0113],"diffuse":[0.0145,0.0117,0.009],"specular":[0,0,0],"emissive":[0,0,0],"specularPower":18,"alpha":1,"backFaceCulling":true,"checkReadyOnlyOnce":false,"maxSimultaneousLights":4},
{"name":"dersuntitled.hood.darker.002","id":"dersuntitled.hood.darker.002","ambient":[0.0182,0.0146,0.0113],"diffuse":[0.0145,0.0117,0.009],"specular":[0,0,0],"emissive":[0,0,0],"specularPower":18,"alpha":1,"backFaceCulling":true,"checkReadyOnlyOnce":false,"maxSimultaneousLights":4},
{"name":"dersuntitled.hood.medium.002","id":"dersuntitled.hood.medium.002","ambient":[0.0937,0.0679,0.0459],"diffuse":[0.075,0.0543,0.0368],"specular":[0.0598,0.0438,0.0286],"emissive":[0,0,0],"specularPower":3,"alpha":1,"backFaceCulling":true,"checkReadyOnlyOnce":false,"maxSimultaneousLights":4},
{"name":"dersuntitled.hood.shadow.002","id":"dersuntitled.hood.shadow.002","ambient":[0.0285,0.0207,0.0174],"diffuse":[0.0228,0.0165,0.0139],"specular":[0,0,0],"emissive":[0,0,0],"specularPower":9,"alpha":1,"backFaceCulling":true,"checkReadyOnlyOnce":false,"maxSimultaneousLights":4},
{"name":"dersuntitled.hood.dark.002","id":"dersuntitled.hood.dark.002","ambient":[0.067,0.0485,0.0334],"diffuse":[0.0536,0.0388,0.0267],"specular":[0,0,0],"emissive":[0,0,0],"specularPower":13,"alpha":1,"backFaceCulling":true,"checkReadyOnlyOnce":false,"maxSimultaneousLights":4},
{"name":"dersuntitled.hood.light.002","id":"dersuntitled.hood.light.002","ambient":[0.2462,0.1751,0.1153],"diffuse":[0.197,0.14,0.0923],"specular":[0.081,0.0573,0.0375],"emissive":[0,0,0],"specularPower":1,"alpha":1,"backFaceCulling":true,"checkReadyOnlyOnce":false,"maxSimultaneousLights":4},
{"name":"dersuntitled.hood.darker.003","id":"dersuntitled.hood.darker.003","ambient":[0.0182,0.0146,0.0113],"diffuse":[0.0145,0.0117,0.009],"specular":[0,0,0],"emissive":[0,0,0],"specularPower":18,"alpha":1,"backFaceCulling":true,"checkReadyOnlyOnce":false,"maxSimultaneousLights":4},
{"name":"dersuntitled.cloth.medium.004","id":"dersuntitled.cloth.medium.004","ambient":[0.1477,0.1068,0.0726],"diffuse":[0.1182,0.0854,0.0581],"specular":[0.0609,0.1708,0.343],"emissive":[0,0,0],"specularPower":11,"alpha":1,"backFaceCulling":true,"checkReadyOnlyOnce":false,"maxSimultaneousLights":4},
{"name":"dersuntitled.hood.medium.003","id":"dersuntitled.hood.medium.003","ambient":[0.0937,0.0679,0.0459],"diffuse":[0.075,0.0543,0.0368],"specular":[0.0598,0.0438,0.0286],"emissive":[0,0,0],"specularPower":3,"alpha":1,"backFaceCulling":true,"checkReadyOnlyOnce":false,"maxSimultaneousLights":4},
{"name":"dersuntitled.hood.shadow.003","id":"dersuntitled.hood.shadow.003","ambient":[0.0285,0.0207,0.0174],"diffuse":[0.0228,0.0165,0.0139],"specular":[0,0,0],"emissive":[0,0,0],"specularPower":9,"alpha":1,"backFaceCulling":true,"checkReadyOnlyOnce":false,"maxSimultaneousLights":4},
{"name":"dersuntitled.hood.dark.003","id":"dersuntitled.hood.dark.003","ambient":[0.067,0.0485,0.0334],"diffuse":[0.0536,0.0388,0.0267],"specular":[0,0,0],"emissive":[0,0,0],"specularPower":13,"alpha":1,"backFaceCulling":true,"checkReadyOnlyOnce":false,"maxSimultaneousLights":4},
{"name":"dersuntitled.hood.light.003","id":"dersuntitled.hood.light.003","ambient":[0.2462,0.1751,0.1153],"diffuse":[0.197,0.14,0.0923],"specular":[0.081,0.0573,0.0375],"emissive":[0,0,0],"specularPower":1,"alpha":1,"backFaceCulling":true,"checkReadyOnlyOnce":false,"maxSimultaneousLights":4},
{"name":"dersuntitled.cloth.light.shad.004","id":"dersuntitled.cloth.light.shad.004","ambient":[0.3501,0.2476,0.1619],"diffuse":[0.2801,0.1981,0.1295],"specular":[0.131,0.1016,0.0764],"emissive":[0,0,0],"specularPower":9,"alpha":1,"backFaceCulling":true,"checkReadyOnlyOnce":false,"maxSimultaneousLights":4},
{"name":"dersuntitled.cloth.light.004","id":"dersuntitled.cloth.light.004","ambient":[0.2894,0.2109,0.1416],"diffuse":[0.2315,0.1687,0.1133],"specular":[0.1476,0.106,0.0701],"emissive":[0,0,0],"specularPower":11,"alpha":1,"backFaceCulling":true,"checkReadyOnlyOnce":false,"maxSimultaneousLights":4},
{"name":"dersuntitled.cloth.med.light.004","id":"dersuntitled.cloth.med.light.004","ambient":[0.1123,0.0834,0.06],"diffuse":[0.0898,0.0667,0.048],"specular":[0.0609,0.1708,0.343],"emissive":[0,0,0],"specularPower":11,"alpha":1,"backFaceCulling":true,"checkReadyOnlyOnce":false,"maxSimultaneousLights":4}],
"multiMaterials":[{"name":"dersuntitled.Multimaterial#0","id":"dersuntitled.Multimaterial#0","materials":["dersuntitled.skin.medium.002","dersuntitled.skin.light.shad.002","dersuntitled.cloth.dark.002","dersuntitled.hood.darker.004","dersuntitled.hood.darker.002","dersuntitled.hood.medium.002","dersuntitled.hood.shadow.002","dersuntitled.hood.dark.002","dersuntitled.hood.light.002","dersuntitled.hood.darker.003","dersuntitled.cloth.medium.004","dersuntitled.hood.medium.003","dersuntitled.hood.shadow.003","dersuntitled.hood.dark.003","dersuntitled.hood.light.003","dersuntitled.cloth.light.shad.004","dersuntitled.cloth.light.004","dersuntitled.cloth.med.light.004"]}],
"skeletons":[{"name":"Armature","id":0,"dimensionsAtRest":[26.339,27.8781,4.3658],"bones":[
{"name":"mixamorig:Hips","index":0,"matrix":[0.9959,-0.067,0.0607,0,0.0723,0.9933,-0.0904,0,0.0542,-0.0944,-0.9941,0,8.8344,11.3236,6.6618,1],"rest":[1,0,0,0,0,1,0,0,0,0,-1,0,8.6954,-83.5666,7.3106,1],"parentBoneIndex":-1,"length":1.4255
,"animation":{"dataType":3,"framePerSecond":30,"keys":[
{"frame":1,"values":[0.9959,-0.067,0.0607,0,0.0723,0.9933,-0.0904,0,0.0542,-0.0944,-0.9941,0,8.8344,11.3236,6.6618,1]},
{"frame":2,"values":[0.9976,-0.0515,0.047,0,0.0556,0.9943,-0.0913,0,0.042,-0.0937,-0.9947,0,9.331,13.8367,4.739,1]},
{"frame":3,"values":[0.9977,-0.0312,0.0599,0,0.0363,0.9956,-0.0859,0,0.057,-0.0879,-0.9945,0,9.6729,17.8042,3.182,1]},
{"frame":4,"values":[0.9951,0.0037,0.0993,0,0.0051,0.996,-0.0888,0,0.0992,-0.0889,-0.9911,0,9.9454,21.1003,1.2843,1]},
{"frame":5,"values":[0.9942,0.0111,0.1069,0,-0.001,0.9956,-0.0938,0,0.1075,-0.0932,-0.9898,0,10.0104,21.5346,-0.536,1]},
{"frame":6,"values":[0.997,0.002,0.077,0,0.0034,0.9975,-0.0705,0,0.0769,-0.0705,-0.9945,0,10.3759,21.1884,-1.1621,1]},
{"frame":7,"values":[0.9967,0.0067,0.0813,0,-0.0026,0.9987,-0.0502,0,0.0815,-0.0499,-0.9954,0,10.4426,20.2174,-1.421,1]},
{"frame":8,"values":[0.9938,0.0128,0.1103,0,-0.0082,0.9991,-0.0423,0,0.1107,-0.0411,-0.993,0,10.3829,18.3532,-0.2949,1]},
{"frame":9,"values":[0.9942,0.0215,0.1056,0,-0.0173,0.999,-0.0401,0,0.1063,-0.038,-0.9936,0,9.9336,14.3126,2.1458,1]},
{"frame":10,"values":[0.9956,0.0294,0.0893,0,-0.0242,0.998,-0.0585,0,0.0909,-0.0561,-0.9943,0,9.5615,10.2899,4.5945,1]},
{"frame":11,"values":[0.9958,0.035,0.0849,0,-0.0293,0.9972,-0.0682,0,0.0871,-0.0654,-0.9941,0,9.0206,9.3287,6.1323,1]},
{"frame":12,"values":[0.9958,0.0073,0.091,0,-0.0007,0.9973,-0.0728,0,0.0913,-0.0724,-0.9932,0,9.0034,11.546,5.7151,1]},
{"frame":13,"values":[0.9976,-0.03,0.0628,0,0.0355,0.9954,-0.0888,0,0.0598,-0.0908,-0.9941,0,9.1274,15.1281,4.3983,1]},
{"frame":14,"values":[0.9976,-0.0691,0.0104,0,0.0699,0.9898,-0.1241,0,0.0017,-0.1246,-0.9922,0,9.2077,18.4045,3.7059,1]},
{"frame":15,"values":[0.9972,-0.0748,-0.0018,0,0.0737,0.9856,-0.1523,0,-0.0132,-0.1517,-0.9883,0,9.3743,20.2731,4.1243,1]},
{"frame":16,"values":[0.9979,-0.0653,-0.0046,0,0.0641,0.9891,-0.1328,0,-0.0132,-0.1322,-0.9911,0,9.445,19.9378,3.5261,1]},
{"frame":17,"values":[0.9982,-0.0588,-0.0101,0,0.0573,0.992,-0.1125,0,-0.0166,-0.1117,-0.9936,0,9.3919,18.9009,2.822,1]},
{"frame":18,"values":[0.9984,-0.0563,0.0054,0,0.0566,0.9923,-0.11,0,-0.0008,-0.1101,-0.9939,0,9.2482,16.912,3.6123,1]},
{"frame":19,"values":[0.9984,-0.0459,0.0326,0,0.0491,0.9931,-0.1069,0,0.0275,-0.1084,-0.9937,0,8.8622,14.4188,4.4046,1]},
{"frame":20,"values":[0.9955,-0.0694,0.0638,0,0.0759,0.9914,-0.107,0,0.0558,-0.1113,-0.9922,0,8.5241,10.961,6.3961,1]},
{"frame":21,"values":[0.9913,-0.0981,0.0874,0,0.1061,0.9901,-0.092,0,0.0775,-0.1005,-0.9919,0,8.3892,9.4179,7.3851,1]},
{"frame":22,"values":[0.9959,-0.067,0.0607,0,0.0723,0.9933,-0.0904,0,0.0542,-0.0944,-0.9941,0,8.8344,11.3236,6.6618,1]}],"loopBehavior":1,"name":"anim","property":"_matrix"}},
{"name":"mixamorig:Spine","index":1,"matrix":[0.9988,0.046,-0.0179,0,-0.0458,0.9989,0.0093,0,0.0183,-0.0085,0.9998,0,0,1.6107,-0.1254,1],"rest":[1,0,0,0,0,0.997,-0.0776,0,0,0.0776,0.997,0,0,1.6107,-0.1254,1],"parentBoneIndex":0,"length":1.8849
,"animation":{"dataType":3,"framePerSecond":30,"keys":[
{"frame":1,"values":[0.9988,0.046,-0.0179,0,-0.0458,0.9989,0.0093,0,0.0183,-0.0085,0.9998,0,0,1.6107,-0.1254,1]},
{"frame":2,"values":[0.9983,0.0419,-0.0416,0,-0.0418,0.9991,0.0025,0,0.0417,-0.0007,0.9991,0,0,1.6107,-0.1254,1]},
{"frame":3,"values":[0.9977,0.0288,-0.0613,0,-0.0293,0.9996,-0.0059,0,0.0611,0.0077,0.9981,0,0,1.6107,-0.1254,1]},
{"frame":4,"values":[0.9976,0.006,-0.0688,0,-0.0073,0.9998,-0.0177,0,0.0687,0.0181,0.9975,0,0,1.6107,-0.1254,1]},
{"frame":5,"values":[0.9972,-0.0072,-0.074,0,0.0051,0.9996,-0.0284,0,0.0742,0.028,0.9968,0,0,1.6107,-0.1254,1]},
{"frame":6,"values":[0.9972,-0.0111,-0.0746,0,0.0091,0.9996,-0.0267,0,0.0749,0.026,0.9969,0,0,1.6107,-0.1254,1]},
{"frame":7,"values":[0.9972,-0.0168,-0.0725,0,0.0154,0.9997,-0.0203,0,0.0728,0.0191,0.9972,0,0,1.6107,-0.1254,1]},
{"frame":8,"values":[0.9975,-0.0204,-0.0681,0,0.0197,0.9997,-0.0111,0,0.0683,0.0098,0.9976,0,0,1.6107,-0.1254,1]},
{"frame":9,"values":[0.9976,-0.0279,-0.064,0,0.028,0.9996,0.0006,0,0.0639,-0.0024,0.998,0,0,1.6107,-0.1254,1]},
{"frame":10,"values":[0.9984,-0.0373,-0.0425,0,0.0377,0.9993,0.0086,0,0.0421,-0.0102,0.9991,0,0,1.6107,-0.1254,1]},
{"frame":11,"values":[0.9989,-0.046,-0.0079,0,0.0461,0.9988,0.0155,0,0.0072,-0.0158,0.9998,0,0,1.6107,-0.1254,1]},
{"frame":12,"values":[0.999,-0.0382,0.0253,0,0.0378,0.9991,0.0169,0,-0.0259,-0.0159,0.9995,0,0,1.6107,-0.1254,1]},
{"frame":13,"values":[0.9986,-0.0148,0.051,0,0.0144,0.9999,0.0085,0,-0.0511,-0.0078,0.9987,0,0,1.6107,-0.1254,1]},
{"frame":14,"values":[0.9975,0.0126,0.0697,0,-0.0125,0.9999,-0.0021,0,-0.0698,0.0012,0.9976,0,0,1.6107,-0.1254,1]},
{"frame":15,"values":[0.9965,0.03,0.0778,0,-0.0295,0.9995,-0.0081,0,-0.078,0.0058,0.9969,0,0,1.6107,-0.1254,1]},
{"frame":16,"values":[0.9964,0.0353,0.0765,0,-0.0352,0.9994,-0.0019,0,-0.0765,-0.0008,0.9971,0,0,1.6107,-0.1254,1]},
{"frame":17,"values":[0.997,0.0372,0.0675,0,-0.0374,0.9993,0.0024,0,-0.0673,-0.0049,0.9977,0,0,1.6107,-0.1254,1]},
{"frame":18,"values":[0.9971,0.0392,0.0655,0,-0.0396,0.9992,0.0042,0,-0.0652,-0.0067,0.9978,0,0,1.6107,-0.1254,1]},
{"frame":19,"values":[0.9974,0.0382,0.0613,0,-0.0387,0.9992,0.0072,0,-0.061,-0.0096,0.9981,0,0,1.6107,-0.1254,1]},
{"frame":20,"values":[0.9979,0.0485,0.0437,0,-0.0491,0.9987,0.0125,0,-0.0431,-0.0146,0.999,0,0,1.6107,-0.1254,1]},
{"frame":21,"values":[0.9979,0.0616,0.0208,0,-0.0619,0.998,0.0146,0,-0.0199,-0.0159,0.9997,0,0,1.6107,-0.1254,1]},
{"frame":22,"values":[0.9988,0.046,-0.0179,0,-0.0458,0.9989,0.0093,0,0.0183,-0.0085,0.9998,0,0,1.6107,-0.1254,1]}],"loopBehavior":1,"name":"anim","property":"_matrix"}},
{"name":"mixamorig:Spine1","index":2,"matrix":[0.9984,0.0412,-0.0399,0,-0.0337,0.9844,0.1726,0,0.0464,-0.171,0.9842,0,0,1.8849,0,1],"rest":[1,0,0,0,0,1,0,0,0,0,1,0,0,1.8849,0,1],"parentBoneIndex":1,"length":2.1541
,"animation":{"dataType":3,"framePerSecond":30,"keys":[
{"frame":1,"values":[0.9984,0.0412,-0.0399,0,-0.0337,0.9844,0.1726,0,0.0464,-0.171,0.9842,0,0,1.8849,0,1]},
{"frame":2,"values":[0.996,0.0338,-0.0829,0,-0.0202,0.9871,0.1589,0,0.0871,-0.1566,0.9838,0,0,1.8849,0,1]},
{"frame":3,"values":[0.9924,0.0237,-0.1211,0,-0.0062,0.9898,0.1424,0,0.1232,-0.1405,0.9824,0,0,1.8849,0,1]},
{"frame":4,"values":[0.9893,0.0062,-0.1459,0,0.0114,0.9928,0.1189,0,0.1456,-0.1193,0.9821,0,0,1.8849,0,1]},
{"frame":5,"values":[0.9865,-0.0068,-0.1639,0,0.023,0.995,0.0972,0,0.1624,-0.0996,0.9817,0,0,1.8849,0,1]},
{"frame":6,"values":[0.9858,-0.0069,-0.1677,0,0.0241,0.9946,0.1006,0,0.1661,-0.1032,0.9807,0,0,1.8849,0,1]},
{"frame":7,"values":[0.988,-0.0076,-0.1545,0,0.0254,0.9932,0.1137,0,0.1526,-0.1163,0.9814,0,0,1.8849,0,1]},
{"frame":8,"values":[0.9907,-0.0093,-0.1354,0,0.0273,0.9908,0.1322,0,0.1329,-0.1347,0.9819,0,0,1.8849,0,1]},
{"frame":9,"values":[0.9933,-0.0172,-0.1139,0,0.035,0.9872,0.1558,0,0.1098,-0.1588,0.9812,0,0,1.8849,0,1]},
{"frame":10,"values":[0.9975,-0.0242,-0.0666,0,0.0354,0.9843,0.1727,0,0.0613,-0.1746,0.9827,0,0,1.8849,0,1]},
{"frame":11,"values":[0.9996,-0.0265,-0.002,0,0.0265,0.982,0.1872,0,-0.003,-0.1872,0.9823,0,0,1.8849,0,1]},
{"frame":12,"values":[0.9982,-0.0122,0.058,0,0.0009,0.9818,0.1898,0,-0.0593,-0.1894,0.9801,0,0,1.8849,0,1]},
{"frame":13,"values":[0.9945,0.0134,0.1034,0,-0.0311,0.9846,0.1721,0,-0.0996,-0.1744,0.9796,0,0,1.8849,0,1]},
{"frame":14,"values":[0.9895,0.031,0.1413,0,-0.0522,0.9874,0.1493,0,-0.1349,-0.1551,0.9786,0,0,1.8849,0,1]},
{"frame":15,"values":[0.985,0.0428,0.1671,0,-0.0659,0.9885,0.1358,0,-0.1593,-0.1448,0.9765,0,0,1.8849,0,1]},
{"frame":16,"values":[0.9839,0.0415,0.1736,0,-0.0676,0.9868,0.1473,0,-0.1652,-0.1567,0.9737,0,0,1.8849,0,1]},
{"frame":17,"values":[0.9866,0.0418,0.158,0,-0.0667,0.9855,0.1559,0,-0.1492,-0.1643,0.9751,0,0,1.8849,0,1]},
{"frame":18,"values":[0.9881,0.0446,0.1469,0,-0.0682,0.9848,0.1597,0,-0.1375,-0.1678,0.9762,0,0,1.8849,0,1]},
{"frame":19,"values":[0.9913,0.046,0.1232,0,-0.0663,0.9838,0.1667,0,-0.1135,-0.1735,0.9783,0,0,1.8849,0,1]},
{"frame":20,"values":[0.9953,0.0551,0.0792,0,-0.0685,0.9817,0.1779,0,-0.0679,-0.1825,0.9809,0,0,1.8849,0,1]},
{"frame":21,"values":[0.9974,0.0639,0.0341,0,-0.0691,0.9808,0.1825,0,-0.0217,-0.1844,0.9826,0,0,1.8849,0,1]},
{"frame":22,"values":[0.9984,0.0412,-0.0399,0,-0.0337,0.9844,0.1726,0,0.0464,-0.171,0.9842,0,0,1.8849,0,1]}],"loopBehavior":1,"name":"anim","property":"_matrix"}},
{"name":"mixamorig:Spine2","index":3,"matrix":[0.9984,0.0412,-0.0399,0,-0.0337,0.9844,0.1726,0,0.0464,-0.171,0.9842,0,0,2.1541,0,1],"rest":[1,0,0,0,0,1,0,0,0,0,1,0,0,2.1541,0,1],"parentBoneIndex":2,"length":2.4654
,"animation":{"dataType":3,"framePerSecond":30,"keys":[
{"frame":1,"values":[0.9984,0.0412,-0.0399,0,-0.0337,0.9844,0.1726,0,0.0464,-0.171,0.9842,0,0,2.1541,0,1]},
{"frame":2,"values":[0.996,0.0338,-0.0829,0,-0.0202,0.9871,0.1589,0,0.0871,-0.1566,0.9838,0,0,2.1541,0,1]},
{"frame":3,"values":[0.9924,0.0237,-0.1211,0,-0.0062,0.9898,0.1424,0,0.1232,-0.1405,0.9824,0,0,2.1541,0,1]},
{"frame":4,"values":[0.9893,0.0062,-0.1459,0,0.0114,0.9928,0.1189,0,0.1456,-0.1193,0.9821,0,0,2.1541,0,1]},
{"frame":5,"values":[0.9865,-0.0068,-0.1639,0,0.023,0.995,0.0972,0,0.1624,-0.0996,0.9817,0,0,2.1541,0,1]},
{"frame":6,"values":[0.9858,-0.0069,-0.1677,0,0.0241,0.9946,0.1006,0,0.1661,-0.1032,0.9807,0,0,2.1541,0,1]},
{"frame":7,"values":[0.988,-0.0076,-0.1545,0,0.0254,0.9932,0.1137,0,0.1526,-0.1163,0.9814,0,0,2.1541,0,1]},
{"frame":8,"values":[0.9907,-0.0093,-0.1354,0,0.0273,0.9908,0.1322,0,0.1329,-0.1347,0.9819,0,0,2.1541,0,1]},
{"frame":9,"values":[0.9933,-0.0172,-0.1139,0,0.035,0.9872,0.1558,0,0.1098,-0.1588,0.9812,0,0,2.1541,0,1]},
{"frame":10,"values":[0.9975,-0.0242,-0.0666,0,0.0354,0.9843,0.1727,0,0.0613,-0.1746,0.9827,0,0,2.1541,0,1]},
{"frame":11,"values":[0.9996,-0.0265,-0.002,0,0.0265,0.982,0.1872,0,-0.003,-0.1872,0.9823,0,0,2.1541,0,1]},
{"frame":12,"values":[0.9982,-0.0122,0.058,0,0.0009,0.9818,0.1898,0,-0.0593,-0.1894,0.9801,0,0,2.1541,0,1]},
{"frame":13,"values":[0.9945,0.0134,0.1034,0,-0.0311,0.9846,0.1721,0,-0.0996,-0.1744,0.9796,0,0,2.1541,0,1]},
{"frame":14,"values":[0.9895,0.031,0.1413,0,-0.0522,0.9874,0.1493,0,-0.1349,-0.1551,0.9786,0,0,2.1541,0,1]},
{"frame":15,"values":[0.985,0.0428,0.1671,0,-0.0659,0.9885,0.1358,0,-0.1593,-0.1448,0.9765,0,0,2.1541,0,1]},
{"frame":16,"values":[0.9839,0.0415,0.1736,0,-0.0676,0.9868,0.1473,0,-0.1652,-0.1567,0.9737,0,0,2.1541,0,1]},
{"frame":17,"values":[0.9866,0.0418,0.158,0,-0.0667,0.9855,0.1559,0,-0.1492,-0.1643,0.9751,0,0,2.1541,0,1]},
{"frame":18,"values":[0.9881,0.0446,0.1469,0,-0.0682,0.9848,0.1597,0,-0.1375,-0.1678,0.9762,0,0,2.1541,0,1]},
{"frame":19,"values":[0.9913,0.046,0.1232,0,-0.0663,0.9838,0.1667,0,-0.1135,-0.1735,0.9783,0,0,2.1541,0,1]},
{"frame":20,"values":[0.9953,0.0551,0.0792,0,-0.0685,0.9817,0.1779,0,-0.0679,-0.1825,0.9809,0,0,2.1541,0,1]},
{"frame":21,"values":[0.9974,0.0639,0.0341,0,-0.0691,0.9808,0.1825,0,-0.0217,-0.1844,0.9826,0,0,2.1541,0,1]},
{"frame":22,"values":[0.9984,0.0412,-0.0399,0,-0.0337,0.9844,0.1726,0,0.0464,-0.171,0.9842,0,0,2.1541,0,1]}],"loopBehavior":1,"name":"anim","property":"_matrix"}},
{"name":"mixamorig:Neck","index":4,"matrix":[0.9985,-0.0047,0.0552,0,0.0076,0.9986,-0.0527,0,-0.0549,0.053,0.9971,0,0,2.4234,0,1],"rest":[1,0,0,0,0,0.997,0.0776,0,0,-0.0776,0.997,0,0,2.4234,0,1],"parentBoneIndex":3,"length":0.4214
,"animation":{"dataType":3,"framePerSecond":30,"keys":[
{"frame":1,"values":[0.9985,-0.0047,0.0552,0,0.0076,0.9986,-0.0527,0,-0.0549,0.053,0.9971,0,0,2.4234,0,1]},
{"frame":2,"values":[0.9969,-0.0149,0.0773,0,0.0191,0.9983,-0.0542,0,-0.0764,0.0555,0.9955,0,0,2.4234,0,1]},
{"frame":3,"values":[0.9941,-0.0054,0.1084,0,0.0095,0.9993,-0.037,0,-0.1081,0.0378,0.9934,0,0,2.4234,0,1]},
{"frame":4,"values":[0.9918,-0.008,0.1277,0,0.0104,0.9998,-0.0185,0,-0.1275,0.0197,0.9916,0,0,2.4234,0,1]},
{"frame":5,"values":[0.9895,0.0041,0.1441,0,-0.0077,0.9997,0.0241,0,-0.144,-0.025,0.9893,0,0,2.4234,0,1]},
{"frame":6,"values":[0.9897,0.018,0.1422,0,-0.0255,0.9984,0.0509,0,-0.141,-0.054,0.9885,0,0,2.4234,0,1]},
{"frame":7,"values":[0.9919,0.0015,0.1271,0,-0.007,0.999,0.0431,0,-0.1269,-0.0436,0.991,0,0,2.4234,0,1]},
{"frame":8,"values":[0.9928,0.0017,0.1198,0,-0.0056,0.9995,0.0321,0,-0.1197,-0.0326,0.9923,0,0,2.4234,0,1]},
{"frame":9,"values":[0.9938,0.0239,0.109,0,-0.0233,0.9997,-0.0069,0,-0.1091,0.0043,0.994,0,0,2.4234,0,1]},
{"frame":10,"values":[0.9965,0.0294,0.0782,0,-0.0271,0.9992,-0.0304,0,-0.0791,0.0282,0.9965,0,0,2.4234,0,1]},
{"frame":11,"values":[0.9992,0.0143,0.0384,0,-0.0129,0.9992,-0.0375,0,-0.0389,0.037,0.9986,0,0,2.4234,0,1]},
{"frame":12,"values":[0.9991,0.038,0.0183,0,-0.0367,0.9971,-0.0668,0,-0.0207,0.066,0.9976,0,0,2.4234,0,1]},
{"frame":13,"values":[0.9993,-0.0228,-0.0301,0,0.0212,0.9984,-0.0525,0,0.0312,0.0518,0.9982,0,0,2.4234,0,1]},
{"frame":14,"values":[0.9979,-0.0095,-0.064,0,0.0045,0.997,-0.0779,0,0.0645,0.0774,0.9949,0,0,2.4234,0,1]},
{"frame":15,"values":[0.9962,-0.0137,-0.0859,0,0.0054,0.9954,-0.0956,0,0.0868,0.0948,0.9917,0,0,2.4234,0,1]},
{"frame":16,"values":[0.9952,-0.023,-0.0948,0,0.013,0.9944,-0.1044,0,0.0967,0.1027,0.99,0,0,2.4234,0,1]},
{"frame":17,"values":[0.996,-0.0285,-0.0848,0,0.0215,0.9964,-0.0815,0,0.0869,0.0794,0.9931,0,0,2.4234,0,1]},
{"frame":18,"values":[0.9962,-0.037,-0.0787,0,0.0315,0.997,-0.0709,0,0.0811,0.0681,0.9944,0,0,2.4234,0,1]},
{"frame":19,"values":[0.9957,-0.0611,-0.0699,0,0.0554,0.9952,-0.0804,0,0.0744,0.0762,0.9943,0,0,2.4234,0,1]},
{"frame":20,"values":[0.9982,-0.0501,-0.0327,0,0.047,0.9951,-0.0869,0,0.0369,0.0852,0.9957,0,0,2.4234,0,1]},
{"frame":21,"values":[0.9991,-0.0425,0.0055,0,0.0428,0.9961,-0.0773,0,-0.0022,0.0774,0.997,0,0,2.4234,0,1]},
{"frame":22,"values":[0.9985,-0.0047,0.0552,0,0.0076,0.9986,-0.0527,0,-0.0549,0.053,0.9971,0,0,2.4234,0,1]}],"loopBehavior":1,"name":"anim","property":"_matrix"}},
{"name":"mixamorig:Head","index":5,"matrix":[0.9876,-0.0577,0.146,0,0.0908,0.9686,-0.2312,0,-0.1281,0.2416,0.9619,0,0,0.3329,0.2584,1],"rest":[1,0,0,0,0,1,0,0,0,0,1,0,0,0.3329,0.2584,1],"parentBoneIndex":4,"length":3.6469
,"animation":{"dataType":3,"framePerSecond":30,"keys":[
{"frame":1,"values":[0.9876,-0.0577,0.146,0,0.0908,0.9686,-0.2312,0,-0.1281,0.2416,0.9619,0,0,0.3329,0.2584,1]},
{"frame":2,"values":[0.9758,-0.0427,0.2145,0,0.0838,0.9789,-0.1864,0,-0.202,0.1999,0.9588,0,0,0.3329,0.2584,1]},
{"frame":3,"values":[0.958,-0.0373,0.2845,0,0.0846,0.9842,-0.1556,0,-0.2742,0.1731,0.946,0,0,0.3329,0.2584,1]},
{"frame":4,"values":[0.9404,-0.0158,0.3397,0,0.0526,0.9936,-0.0995,0,-0.336,0.1115,0.9352,0,0,0.3329,0.2584,1]},
{"frame":5,"values":[0.9312,-0.0142,0.3642,0,0.051,0.9945,-0.0917,0,-0.3609,0.104,0.9268,0,0,0.3329,0.2584,1]},
{"frame":6,"values":[0.942,-0.0281,0.3344,0,0.066,0.9926,-0.1024,0,-0.3291,0.1185,0.9368,0,0,0.3329,0.2584,1]},
{"frame":7,"values":[0.9449,0.0035,0.3274,0,0.027,0.9957,-0.0886,0,-0.3263,0.0926,0.9407,0,0,0.3329,0.2584,1]},
{"frame":8,"values":[0.9455,0.0435,0.3227,0,-0.0092,0.9942,-0.1072,0,-0.3255,0.0984,0.9404,0,0,0.3329,0.2584,1]},
{"frame":9,"values":[0.9563,0.0749,0.2826,0,-0.0331,0.9881,-0.1501,0,-0.2905,0.1342,0.9474,0,0,0.3329,0.2584,1]},
{"frame":10,"values":[0.9722,0.1109,0.206,0,-0.0613,0.9705,-0.2333,0,-0.2258,0.2142,0.9503,0,0,0.3329,0.2584,1]},
{"frame":11,"values":[0.9846,0.1217,0.1251,0,-0.0838,0.9585,-0.2725,0,-0.1531,0.2578,0.954,0,0,0.3329,0.2584,1]},
{"frame":12,"values":[0.9964,0.0691,0.0491,0,-0.0542,0.9645,-0.2583,0,-0.0652,0.2547,0.9648,0,0,0.3329,0.2584,1]},
{"frame":13,"values":[0.9986,0.0503,-0.0191,0,-0.0535,0.9673,-0.2479,0,0.006,0.2486,0.9686,0,0,0.3329,0.2584,1]},
{"frame":14,"values":[0.9919,0.0054,-0.1273,0,-0.0275,0.9846,-0.1726,0,0.1244,0.1747,0.9767,0,0,0.3329,0.2584,1]},
{"frame":15,"values":[0.9823,-0.0249,-0.1859,0,-0.0065,0.9861,-0.166,0,0.1874,0.1643,0.9684,0,0,0.3329,0.2584,1]},
{"frame":16,"values":[0.9781,-0.0368,-0.2049,0,-0.0018,0.9827,-0.1851,0,0.2081,0.1814,0.9611,0,0,0.3329,0.2584,1]},
{"frame":17,"values":[0.9805,-0.0727,-0.1826,0,0.0333,0.9771,-0.2103,0,0.1937,0.2001,0.9604,0,0,0.3329,0.2584,1]},
{"frame":18,"values":[0.983,-0.0888,-0.1608,0,0.0527,0.975,-0.216,0,0.176,0.2038,0.9631,0,0,0.3329,0.2584,1]},
{"frame":19,"values":[0.992,-0.0632,-0.109,0,0.0376,0.9741,-0.2231,0,0.1203,0.2172,0.9687,0,0,0.3329,0.2584,1]},
{"frame":20,"values":[0.9968,-0.0747,-0.0298,0,0.0642,0.9624,-0.2639,0,0.0484,0.2611,0.9641,0,0,0.3329,0.2584,1]},
{"frame":21,"values":[0.9961,-0.0633,0.0612,0,0.0771,0.9629,-0.2584,0,-0.0426,0.2622,0.9641,0,0,0.3329,0.2584,1]},
{"frame":22,"values":[0.9876,-0.0577,0.146,0,0.0908,0.9686,-0.2312,0,-0.1281,0.2416,0.9619,0,0,0.3329,0.2584,1]}],"loopBehavior":1,"name":"anim","property":"_matrix"}},
{"name":"mixamorig:HeadTop_End","index":6,"matrix":[1,0,0,0,0,1,0,0,0,0,1,0,0,2.8811,2.2359,1],"rest":[1,0,0,0,0,1,0,0,0,0,1,0,0,2.8811,2.2359,1],"parentBoneIndex":5,"length":3.6469
,"animation":{"dataType":3,"framePerSecond":30,"keys":[
{"frame":1,"values":[1,0,0,0,0,1,0,0,0,0,1,0,0,2.8811,2.2359,1]},
{"frame":9,"values":[1,0,0,0,0,1,0,0,0,0,1,0,0,2.881,2.2359,1]},
{"frame":10,"values":[1,0,0,0,0,1,0,0,0,0,1,0,0,2.8811,2.2359,1]},
{"frame":22,"values":[1,0,0,0,0,1,0,0,0,0,1,0,0,2.8811,2.2359,1]}],"loopBehavior":1,"name":"anim","property":"_matrix"}},
{"name":"mixamorig:LeftShoulder","index":7,"matrix":[-0.0039,0.0223,-0.9997,0,0.9387,-0.3445,-0.0114,0,-0.3447,-0.9385,-0.0195,0,1.1494,2.2045,-0.0149,1],"rest":[-0.0134,0.0002,-0.9999,0,0.9811,-0.193,-0.0132,0,-0.193,-0.9812,0.0024,0,1.1494,2.2045,-0.0149,1],"parentBoneIndex":3,"length":2.3032
,"animation":{"dataType":3,"framePerSecond":30,"keys":[
{"frame":1,"values":[-0.0039,0.0223,-0.9997,0,0.9387,-0.3445,-0.0114,0,-0.3447,-0.9385,-0.0195,0,1.1494,2.2045,-0.0149,1]},
{"frame":2,"values":[-0.0183,0.023,-0.9996,0,0.9421,-0.3343,-0.025,0,-0.3347,-0.9422,-0.0156,0,1.1494,2.2045,-0.0149,1]},
{"frame":3,"values":[-0.0348,0.0236,-0.9991,0,0.9462,-0.3212,-0.0406,0,-0.3218,-0.9467,-0.0112,0,1.1494,2.2045,-0.0149,1]},
{"frame":4,"values":[-0.0508,0.0237,-0.9984,0,0.9498,-0.3079,-0.0557,0,-0.3088,-0.9511,-0.0069,0,1.1494,2.2045,-0.0149,1]},
{"frame":5,"values":[-0.0626,0.0234,-0.9978,0,0.9519,-0.2991,-0.0667,0,-0.3,-0.9539,-0.0036,0,1.1494,2.2045,-0.0149,1]},
{"frame":6,"values":[-0.065,0.0232,-0.9976,0,0.9513,-0.3004,-0.069,0,-0.3013,-0.9535,-0.0025,0,1.1494,2.2045,-0.0149,1]},
{"frame":7,"values":[-0.0543,0.0233,-0.9983,0,0.9474,-0.3146,-0.0589,0,-0.3154,-0.9489,-0.005,0,1.1494,2.2045,-0.0149,1]},
{"frame":8,"values":[-0.0305,0.0231,-0.9993,0,0.9405,-0.3378,-0.0365,0,-0.3384,-0.9409,-0.0114,0,1.1494,2.2045,-0.0149,1]},
{"frame":9,"values":[0.0023,0.0217,-0.9998,0,0.9327,-0.3606,-0.0057,0,-0.3606,-0.9325,-0.0211,0,1.1494,2.2045,-0.0149,1]},
{"frame":10,"values":[0.0368,0.0198,-0.9991,0,0.9269,-0.3744,0.0267,0,-0.3735,-0.9271,-0.0322,0,1.1494,2.2045,-0.0149,1]},
{"frame":11,"values":[0.0653,0.0187,-0.9977,0,0.9247,-0.377,0.0534,0,-0.3752,-0.926,-0.0419,0,1.1494,2.2045,-0.0149,1]},
{"frame":12,"values":[0.0818,0.0187,-0.9965,0,0.925,-0.3736,0.0689,0,-0.371,-0.9274,-0.0479,0,1.1494,2.2045,-0.0149,1]},
{"frame":13,"values":[0.0851,0.0191,-0.9962,0,0.926,-0.3706,0.072,0,-0.3678,-0.9286,-0.0492,0,1.1494,2.2045,-0.0149,1]},
{"frame":14,"values":[0.0799,0.0193,-0.9966,0,0.9262,-0.3711,0.0671,0,-0.3685,-0.9284,-0.0475,0,1.1494,2.2045,-0.0149,1]},
{"frame":15,"values":[0.0742,0.0191,-0.9971,0,0.9253,-0.3742,0.0617,0,-0.3719,-0.9272,-0.0454,0,1.1494,2.2045,-0.0149,1]},
{"frame":16,"values":[0.0728,0.0187,-0.9972,0,0.9239,-0.3779,0.0604,0,-0.3757,-0.9257,-0.0448,0,1.1494,2.2045,-0.0149,1]},
{"frame":17,"values":[0.0748,0.0183,-0.997,0,0.9224,-0.3811,0.0622,0,-0.3789,-0.9243,-0.0454,0,1.1494,2.2045,-0.0149,1]},
{"frame":18,"values":[0.0752,0.0182,-0.997,0,0.9218,-0.3825,0.0625,0,-0.3803,-0.9238,-0.0455,0,1.1494,2.2045,-0.0149,1]},
{"frame":19,"values":[0.0687,0.0187,-0.9975,0,0.9234,-0.3796,0.0565,0,-0.3776,-0.925,-0.0433,0,1.1494,2.2045,-0.0149,1]},
{"frame":20,"values":[0.0528,0.0199,-0.9984,0,0.9278,-0.3706,0.0417,0,-0.3692,-0.9286,-0.038,0,1.1494,2.2045,-0.0149,1]},
{"frame":21,"values":[0.0279,0.0213,-0.9994,0,0.9337,-0.3575,0.0184,0,-0.3569,-0.9337,-0.0299,0,1.1494,2.2045,-0.0149,1]},
{"frame":22,"values":[-0.0039,0.0223,-0.9997,0,0.9387,-0.3445,-0.0114,0,-0.3447,-0.9385,-0.0195,0,1.1494,2.2045,-0.0149,1]}],"loopBehavior":1,"name":"anim","property":"_matrix"}},
{"name":"mixamorig:LeftArm","index":8,"matrix":[0.859,-0.3867,-0.3354,0,0.4988,0.485,0.7184,0,-0.1152,-0.7844,0.6095,0,0,2.3032,0,1],"rest":[0.9918,-0.1274,0,0,0.1255,0.977,-0.1727,0,0.022,0.1713,0.985,0,0,2.3032,0,1],"parentBoneIndex":7,"length":3.4857
,"animation":{"dataType":3,"framePerSecond":30,"keys":[
{"frame":1,"values":[0.859,-0.3867,-0.3354,0,0.4988,0.485,0.7184,0,-0.1152,-0.7844,0.6095,0,0,2.3032,0,1]},
{"frame":2,"values":[0.8368,-0.4211,-0.3499,0,0.5379,0.513,0.669,0,-0.1022,-0.748,0.6558,0,0,2.3032,0,1]},
{"frame":3,"values":[0.8245,-0.4324,-0.3651,0,0.5629,0.5605,0.6074,0,-0.058,-0.7063,0.7055,0,0,2.3032,0,1]},
{"frame":4,"values":[0.8184,-0.4306,-0.3806,0,0.5747,0.6122,0.5432,0,-0.0009,-0.6632,0.7484,0,0,2.3032,0,1]},
{"frame":5,"values":[0.8157,-0.4234,-0.3941,0,0.5763,0.6537,0.4905,0,0.0499,-0.6272,0.7773,0,0,2.3032,0,1]},
{"frame":6,"values":[0.823,-0.4095,-0.3936,0,0.5625,0.6837,0.4649,0,0.0788,-0.604,0.7931,0,0,2.3032,0,1]},
{"frame":7,"values":[0.8536,-0.3756,-0.3611,0,0.515,0.7132,0.4756,0,0.0789,-0.5919,0.8022,0,0,2.3032,0,1]},
{"frame":8,"values":[0.9077,-0.3079,-0.2852,0,0.4165,0.7451,0.521,0,0.0521,-0.5916,0.8045,0,0,2.3032,0,1]},
{"frame":9,"values":[0.9616,-0.2106,-0.1758,0,0.2741,0.7604,0.5888,0,0.0097,-0.6144,0.7889,0,0,2.3032,0,1]},
{"frame":10,"values":[0.9915,-0.1143,-0.0627,0,0.1271,0.7414,0.6589,0,-0.0289,-0.6612,0.7496,0,0,2.3032,0,1]},
{"frame":11,"values":[0.9983,-0.0521,0.0263,0,0.018,0.7032,0.7108,0,-0.0555,-0.7091,0.7029,0,0,2.3032,0,1]},
{"frame":12,"values":[0.9958,-0.0336,0.0848,0,-0.0396,0.6778,0.7342,0,-0.0822,-0.7345,0.6737,0,0,2.3032,0,1]},
{"frame":13,"values":[0.9912,-0.0489,0.123,0,-0.0572,0.6802,0.7308,0,-0.1194,-0.7314,0.6714,0,0,2.3032,0,1]},
{"frame":14,"values":[0.9854,-0.079,0.1511,0,-0.0529,0.7006,0.7116,0,-0.1621,-0.7091,0.6862,0,0,2.3032,0,1]},
{"frame":15,"values":[0.9797,-0.1088,0.1683,0,-0.0389,0.7207,0.6922,0,-0.1966,-0.6846,0.7018,0,0,2.3032,0,1]},
{"frame":16,"values":[0.9772,-0.1387,0.1606,0,-0.0096,0.7274,0.6862,0,-0.212,-0.6721,0.7095,0,0,2.3032,0,1]},
{"frame":17,"values":[0.9777,-0.177,0.1126,0,0.0494,0.7159,0.6965,0,-0.2039,-0.6754,0.7087,0,0,2.3032,0,1]},
{"frame":18,"values":[0.9747,-0.2219,0.0257,0,0.1372,0.6856,0.715,0,-0.1763,-0.6934,0.6987,0,0,2.3032,0,1]},
{"frame":19,"values":[0.962,-0.2611,-0.0802,0,0.2349,0.641,0.7308,0,-0.1394,-0.7218,0.6779,0,0,2.3032,0,1]},
{"frame":20,"values":[0.939,-0.2918,-0.1823,0,0.3269,0.5913,0.7372,0,-0.1073,-0.7518,0.6506,0,0,2.3032,0,1]},
{"frame":21,"values":[0.9058,-0.3275,-0.2689,0,0.413,0.5402,0.7332,0,-0.0948,-0.7752,0.6245,0,0,2.3032,0,1]},
{"frame":22,"values":[0.859,-0.3867,-0.3354,0,0.4988,0.485,0.7184,0,-0.1152,-0.7844,0.6095,0,0,2.3032,0,1]}],"loopBehavior":1,"name":"anim","property":"_matrix"}},
{"name":"mixamorig:LeftForeArm","index":9,"matrix":[-0.2245,0.9702,0.0909,0,-0.939,-0.2404,0.2458,0,0.2603,-0.0302,0.965,0,0,3.4857,0,1],"rest":[0.9662,0.2579,0,0,-0.2579,0.966,-0.0196,0,-0.0051,0.019,0.9998,0,0,3.4857,0,1],"parentBoneIndex":8,"length":3.638
,"animation":{"dataType":3,"framePerSecond":30,"keys":[
{"frame":1,"values":[-0.2245,0.9702,0.0909,0,-0.939,-0.2404,0.2458,0,0.2603,-0.0302,0.965,0,0,3.4857,0,1]},
{"frame":2,"values":[-0.1142,0.993,0.0302,0,-0.9518,-0.1181,0.2831,0,0.2847,0.0036,0.9586,0,0,3.4857,0,1]},
{"frame":3,"values":[0.0001,0.9993,-0.0369,0,-0.9525,0.0113,0.3043,0,0.3045,0.0351,0.9519,0,0,3.4857,0,1]},
{"frame":4,"values":[0.0955,0.9909,-0.0948,0,-0.9426,0.1206,0.3113,0,0.3199,0.0596,0.9456,0,0,3.4857,0,1]},
{"frame":5,"values":[0.1552,0.9794,-0.1294,0,-0.9314,0.1887,0.3114,0,0.3293,0.0722,0.9414,0,0,3.4857,0,1]},
{"frame":6,"values":[0.1779,0.9747,-0.1353,0,-0.9252,0.2125,0.3145,0,0.3353,0.0693,0.9396,0,0,3.4857,0,1]},
{"frame":7,"values":[0.1751,0.9777,-0.116,0,-0.9235,0.204,0.325,0,0.3414,0.0502,0.9386,0,0,3.4857,0,1]},
{"frame":8,"values":[0.1622,0.9836,-0.079,0,-0.9243,0.1795,0.3368,0,0.3454,0.0184,0.9383,0,0,3.4857,0,1]},
{"frame":9,"values":[0.1468,0.9886,-0.0331,0,-0.9292,0.1493,0.3381,0,0.3392,-0.0189,0.9405,0,0,3.4857,0,1]},
{"frame":10,"values":[0.1229,0.9923,0.0142,0,-0.9408,0.1119,0.3199,0,0.3159,-0.0527,0.9473,0,0,3.4857,0,1]},
{"frame":11,"values":[0.0753,0.9955,0.0582,0,-0.9581,0.056,0.2808,0,0.2763,-0.0769,0.958,0,0,3.4857,0,1]},
{"frame":12,"values":[-0.0082,0.9953,0.0962,0,-0.9737,-0.0298,0.2258,0,0.2276,-0.0918,0.9694,0,0,3.4857,0,1]},
{"frame":13,"values":[-0.1247,0.9841,0.1262,0,-0.9761,-0.1445,0.1624,0,0.178,-0.103,0.9786,0,0,3.4857,0,1]},
{"frame":14,"values":[-0.2537,0.9562,0.1458,0,-0.9577,-0.2695,0.1009,0,0.1358,-0.1141,0.9842,0,0,3.4857,0,1]},
{"frame":15,"values":[-0.3685,0.9167,0.1545,0,-0.9233,-0.3803,0.0539,0,0.1082,-0.1228,0.9865,0,0,3.4857,0,1]},
{"frame":16,"values":[-0.451,0.8786,0.1574,0,-0.8869,-0.4609,0.0313,0,0.1,-0.1255,0.987,0,0,3.4857,0,1]},
{"frame":17,"values":[-0.4947,0.8536,0.1631,0,-0.8617,-0.5061,0.0351,0,0.1125,-0.1231,0.986,0,0,3.4857,0,1]},
{"frame":18,"values":[-0.4975,0.8493,0.1768,0,-0.8555,-0.514,0.0621,0,0.1436,-0.1204,0.9823,0,0,3.4857,0,1]},
{"frame":19,"values":[-0.4579,0.8679,0.1926,0,-0.8694,-0.4824,0.1066,0,0.1855,-0.1187,0.9755,0,0,3.4857,0,1]},
{"frame":20,"values":[-0.384,0.903,0.1928,0,-0.8955,-0.4151,0.1606,0,0.2251,-0.111,0.968,0,0,3.4857,0,1]},
{"frame":21,"values":[-0.2977,0.941,0.1609,0,-0.9209,-0.3275,0.2114,0,0.2516,-0.0852,0.9641,0,0,3.4857,0,1]},
{"frame":22,"values":[-0.2245,0.9702,0.0909,0,-0.939,-0.2404,0.2458,0,0.2603,-0.0302,0.965,0,0,3.4857,0,1]}],"loopBehavior":1,"name":"anim","property":"_matrix"}},
{"name":"mixamorig:LeftHand","index":10,"matrix":[0.9189,0.3482,-0.1856,0,-0.3465,0.9371,0.0423,0,0.1887,0.0254,0.9817,0,0,3.638,0,1],"rest":[0.9988,0.0481,0,0,-0.0478,0.9912,-0.1231,0,-0.0059,0.123,0.9924,0,0,3.638,0,1],"parentBoneIndex":9,"length":0.964
,"animation":{"dataType":3,"framePerSecond":30,"keys":[
{"frame":1,"values":[0.9189,0.3482,-0.1856,0,-0.3465,0.9371,0.0423,0,0.1887,0.0254,0.9817,0,0,3.638,0,1]},
{"frame":2,"values":[0.9109,0.3472,-0.2229,0,-0.3443,0.9374,0.0529,0,0.2273,0.0285,0.9734,0,0,3.638,0,1]},
{"frame":3,"values":[0.9065,0.3488,-0.2379,0,-0.3462,0.9366,0.0538,0,0.2416,0.0336,0.9698,0,0,3.638,0,1]},
{"frame":4,"values":[0.9057,0.3517,-0.2366,0,-0.3502,0.9354,0.0496,0,0.2388,0.0379,0.9703,0,0,3.638,0,1]},
{"frame":5,"values":[0.9076,0.355,-0.2242,0,-0.3542,0.9341,0.045,0,0.2254,0.0386,0.9735,0,0,3.638,0,1]},
{"frame":6,"values":[0.9109,0.3591,-0.2033,0,-0.3582,0.9327,0.0427,0,0.2049,0.034,0.9782,0,0,3.638,0,1]},
{"frame":7,"values":[0.9144,0.3658,-0.1733,0,-0.3643,0.9303,0.0414,0,0.1764,0.0253,0.984,0,0,3.638,0,1]},
{"frame":8,"values":[0.9165,0.3764,-0.1356,0,-0.3751,0.9263,0.0359,0,0.1391,0.018,0.9901,0,0,3.638,0,1]},
{"frame":9,"values":[0.9156,0.3903,-0.0968,0,-0.3903,0.9205,0.0196,0,0.0967,0.0198,0.9951,0,0,3.638,0,1]},
{"frame":10,"values":[0.9118,0.4052,-0.0672,0,-0.4065,0.9136,-0.0071,0,0.0585,0.0338,0.9977,0,0,3.638,0,1]},
{"frame":11,"values":[0.9066,0.4188,-0.0527,0,-0.4208,0.9065,-0.0355,0,0.0329,0.0543,0.998,0,0,3.638,0,1]},
{"frame":12,"values":[0.9016,0.4295,-0.0505,0,-0.4319,0.9003,-0.0545,0,0.022,0.0709,0.9972,0,0,3.638,0,1]},
{"frame":13,"values":[0.8981,0.4366,-0.0522,0,-0.4392,0.8965,-0.058,0,0.0215,0.075,0.997,0,0,3.638,0,1]},
{"frame":14,"values":[0.8967,0.4397,-0.0508,0,-0.4419,0.8958,-0.0473,0,0.0247,0.0649,0.9976,0,0,3.638,0,1]},
{"frame":15,"values":[0.8973,0.439,-0.0467,0,-0.4405,0.8973,-0.0285,0,0.0294,0.0462,0.9985,0,0,3.638,0,1]},
{"frame":16,"values":[0.899,0.4354,-0.0465,0,-0.4361,0.8999,-0.0061,0,0.0392,0.0258,0.9989,0,0,3.638,0,1]},
{"frame":17,"values":[0.9021,0.4277,-0.0571,0,-0.4275,0.9039,0.0158,0,0.0584,0.0102,0.9982,0,0,3.638,0,1]},
{"frame":18,"values":[0.905,0.4183,-0.0777,0,-0.4173,0.9083,0.0294,0,0.0829,0.0059,0.9965,0,0,3.638,0,1]},
{"frame":19,"values":[0.9056,0.4121,-0.1,0,-0.4115,0.911,0.0273,0,0.1024,0.0164,0.9946,0,0,3.638,0,1]},
{"frame":20,"values":[0.9058,0.4065,-0.1191,0,-0.4078,0.913,0.0148,0,0.1147,0.0352,0.9928,0,0,3.638,0,1]},
{"frame":21,"values":[0.909,0.3921,-0.1416,0,-0.3943,0.9189,0.0128,0,0.1351,0.0442,0.9898,0,0,3.638,0,1]},
{"frame":22,"values":[0.9189,0.3482,-0.1856,0,-0.3465,0.9371,0.0423,0,0.1887,0.0254,0.9817,0,0,3.638,0,1]}],"loopBehavior":1,"name":"anim","property":"_matrix"}},
{"name":"mixamorig:LeftHandIndex1","index":11,"matrix":[0.9992,0.0224,0.0329,0,-0.0368,0.2054,0.978,0,0.0151,-0.9784,0.206,0,0,0.964,0,1],"rest":[0.983,-0.1839,0,0,0.1817,0.9713,0.1532,0,-0.0282,-0.1506,0.9882,0,0,0.964,0,1],"parentBoneIndex":10,"length":0.4722
,"animation":{"dataType":3,"framePerSecond":30,"keys":[
{"frame":1,"values":[0.9992,0.0224,0.0329,0,-0.0368,0.2054,0.978,0,0.0151,-0.9784,0.206,0,0,0.964,0,1]},
{"frame":2,"values":[0.9992,0.0222,0.0323,0,-0.0365,0.2309,0.9723,0,0.0142,-0.9727,0.2315,0,0,0.964,0,1]},
{"frame":3,"values":[0.9993,0.0218,0.0308,0,-0.0358,0.2911,0.956,0,0.0119,-0.9564,0.2917,0,0,0.964,0,1]},
{"frame":4,"values":[0.9994,0.0213,0.0291,0,-0.0348,0.3615,0.9317,0,0.0093,-0.9321,0.362,0,0,0.964,0,1]},
{"frame":5,"values":[0.9994,0.0207,0.0277,0,-0.0338,0.4189,0.9074,0,0.0072,-0.9078,0.4193,0,0,0.964,0,1]},
{"frame":6,"values":[0.9994,0.0204,0.0271,0,-0.0333,0.4425,0.8962,0,0.0063,-0.8965,0.4429,0,0,0.964,0,1]},
{"frame":7,"values":[0.9994,0.0205,0.0273,0,-0.0335,0.4365,0.8991,0,0.0065,-0.8995,0.4369,0,0,0.964,0,1]},
{"frame":8,"values":[0.9994,0.0207,0.0277,0,-0.0338,0.4198,0.907,0,0.0071,-0.9074,0.4203,0,0,0.964,0,1]},
{"frame":9,"values":[0.9994,0.0209,0.0283,0,-0.0342,0.3948,0.9181,0,0.0081,-0.9185,0.3952,0,0,0.964,0,1]},
{"frame":10,"values":[0.9994,0.0212,0.029,0,-0.0348,0.3633,0.931,0,0.0092,-0.9314,0.3638,0,0,0.964,0,1]},
{"frame":11,"values":[0.9993,0.0216,0.0299,0,-0.0353,0.3278,0.9441,0,0.0105,-0.9445,0.3283,0,0,0.964,0,1]},
{"frame":12,"values":[0.9993,0.0218,0.0308,0,-0.0358,0.2905,0.9562,0,0.0119,-0.9566,0.2911,0,0,0.964,0,1]},
{"frame":13,"values":[0.9993,0.0221,0.0317,0,-0.0363,0.2541,0.9665,0,0.0133,-0.9669,0.2547,0,0,0.964,0,1]},
{"frame":14,"values":[0.9992,0.0223,0.0325,0,-0.0366,0.2211,0.9746,0,0.0145,-0.975,0.2218,0,0,0.964,0,1]},
{"frame":15,"values":[0.9992,0.0224,0.0331,0,-0.0369,0.1942,0.9803,0,0.0156,-0.9807,0.1949,0,0,0.964,0,1]},
{"frame":16,"values":[0.9992,0.0225,0.0336,0,-0.037,0.1762,0.9837,0,0.0162,-0.9841,0.1768,0,0,0.964,0,1]},
{"frame":17,"values":[0.9992,0.0225,0.0337,0,-0.0371,0.1695,0.9848,0,0.0165,-0.9853,0.1702,0,0,0.964,0,1]},
{"frame":18,"values":[0.9992,0.0225,0.0337,0,-0.0371,0.1733,0.9842,0,0.0163,-0.9846,0.174,0,0,0.964,0,1]},
{"frame":19,"values":[0.9992,0.0225,0.0334,0,-0.037,0.1822,0.9826,0,0.016,-0.983,0.1829,0,0,0.964,0,1]},
{"frame":20,"values":[0.9992,0.0224,0.0332,0,-0.0369,0.1928,0.9805,0,0.0156,-0.981,0.1935,0,0,0.964,0,1]},
{"frame":21,"values":[0.9992,0.0224,0.033,0,-0.0368,0.2017,0.9788,0,0.0153,-0.9792,0.2023,0,0,0.964,0,1]},
{"frame":22,"values":[0.9992,0.0224,0.0329,0,-0.0368,0.2054,0.978,0,0.0152,-0.9784,0.206,0,0,0.964,0,1]}],"loopBehavior":1,"name":"anim","property":"_matrix"}},
{"name":"mixamorig:LeftHandIndex2","index":12,"matrix":[0.99,-0.0388,-0.1353,0,0.1404,0.3432,0.9287,0,0.0104,-0.9385,0.3453,0,0,0.4722,0,1],"rest":[1,0,0,0,0,1,0,0,0,0,1,0,0,0.4723,0,1],"parentBoneIndex":11,"length":0.5108
,"animation":{"dataType":3,"framePerSecond":30,"keys":[
{"frame":1,"values":[0.99,-0.0388,-0.1353,0,0.1404,0.3432,0.9287,0,0.0104,-0.9385,0.3453,0,0,0.4722,0,1]},
{"frame":2,"values":[0.9898,-0.0434,-0.1355,0,0.1419,0.3672,0.9192,0,0.0099,-0.9291,0.3696,0,0,0.4723,0,1]},
{"frame":3,"values":[0.9893,-0.0543,-0.1354,0,0.1456,0.4233,0.8942,0,0.0088,-0.9044,0.4267,0,0,0.4723,0,1]},
{"frame":4,"values":[0.9886,-0.0673,-0.1345,0,0.1502,0.4881,0.8598,0,0.0078,-0.8702,0.4926,0,0,0.4722,0,1]},
{"frame":5,"values":[0.988,-0.0781,-0.1329,0,0.154,0.5402,0.8273,0,0.0072,-0.8379,0.5458,0,0,0.4722,0,1]},
{"frame":6,"values":[0.9878,-0.0826,-0.1321,0,0.1556,0.5615,0.8127,0,0.0071,-0.8234,0.5675,0,0,0.4722,0,1]},
{"frame":7,"values":[0.9879,-0.0814,-0.1323,0,0.1552,0.556,0.8165,0,0.0071,-0.8272,0.5619,0,0,0.4722,0,1]},
{"frame":8,"values":[0.988,-0.0782,-0.1329,0,0.1541,0.5411,0.8267,0,0.0072,-0.8373,0.5467,0,0,0.4722,0,1]},
{"frame":9,"values":[0.9883,-0.0735,-0.1337,0,0.1524,0.5184,0.8415,0,0.0074,-0.852,0.5235,0,0,0.4723,0,1]},
{"frame":10,"values":[0.9886,-0.0676,-0.1344,0,0.1503,0.4897,0.8588,0,0.0078,-0.8692,0.4943,0,0,0.4722,0,1]},
{"frame":11,"values":[0.989,-0.061,-0.1351,0,0.148,0.4572,0.877,0,0.0082,-0.8873,0.4611,0,0,0.4723,0,1]},
{"frame":12,"values":[0.9893,-0.0542,-0.1354,0,0.1456,0.4228,0.8945,0,0.0088,-0.9046,0.4261,0,0,0.4722,0,1]},
{"frame":13,"values":[0.9896,-0.0476,-0.1356,0,0.1433,0.3889,0.9101,0,0.0094,-0.9201,0.3917,0,0,0.4722,0,1]},
{"frame":14,"values":[0.9899,-0.0416,-0.1354,0,0.1413,0.358,0.923,0,0.0101,-0.9328,0.3603,0,0,0.4722,0,1]},
