{"producer":{"name":"Blender","version":"2.78 (sub 0)","exporter_version":"5.2.0","file":"alexwalking2.babylon"},
"autoClear":true,"clearColor":[0.0509,0.0509,0.0509],"ambientColor":[0,0,0],"gravity":[0,-9.81,0],
"materials":[{"name":"alexwalking2.cloth_dark_002","id":"alexwalking2.cloth_dark_002","ambient":[0.0349,0.0236,0.0178],"diffuse":[0.0279,0.0189,0.0142],"specular":[0.5,0.5,0.5],"emissive":[0,0,0],"specularPower":50,"alpha":0,"backFaceCulling":true,"checkReadyOnlyOnce":false,"maxSimultaneousLights":4},
{"name":"alexwalking2.cloth_light_004","id":"alexwalking2.cloth_light_004","ambient":[0.2894,0.2109,0.1416],"diffuse":[0.2315,0.1687,0.1133],"specular":[0.5,0.5,0.5],"emissive":[0,0,0],"specularPower":50,"alpha":0,"backFaceCulling":true,"checkReadyOnlyOnce":false,"maxSimultaneousLights":4},
{"name":"alexwalking2.cloth_med_light_004","id":"alexwalking2.cloth_med_light_004","ambient":[0.1123,0.0834,0.06],"diffuse":[0.0898,0.0667,0.048],"specular":[0.5,0.5,0.5],"emissive":[0,0,0],"specularPower":50,"alpha":0,"backFaceCulling":true,"checkReadyOnlyOnce":false,"maxSimultaneousLights":4},
{"name":"alexwalking2.cloth_medium_004","id":"alexwalking2.cloth_medium_004","ambient":[0.1477,0.1068,0.0726],"diffuse":[0.1182,0.0854,0.0581],"specular":[0.5,0.5,0.5],"emissive":[0,0,0],"specularPower":50,"alpha":0,"backFaceCulling":true,"checkReadyOnlyOnce":false,"maxSimultaneousLights":4},
{"name":"alexwalking2.hood_dark_002","id":"alexwalking2.hood_dark_002","ambient":[0.067,0.0485,0.0334],"diffuse":[0.0536,0.0388,0.0267],"specular":[0.5,0.5,0.5],"emissive":[0,0,0],"specularPower":50,"alpha":0,"backFaceCulling":true,"checkReadyOnlyOnce":false,"maxSimultaneousLights":4},
{"name":"alexwalking2.hood_dark_003","id":"alexwalking2.hood_dark_003","ambient":[0.067,0.0485,0.0334],"diffuse":[0.0536,0.0388,0.0267],"specular":[0.5,0.5,0.5],"emissive":[0,0,0],"specularPower":50,"alpha":0,"backFaceCulling":true,"checkReadyOnlyOnce":false,"maxSimultaneousLights":4},
{"name":"alexwalking2.hood_darker_002","id":"alexwalking2.hood_darker_002","ambient":[0.0182,0.0146,0.0113],"diffuse":[0.0146,0.0117,0.009],"specular":[0.5,0.5,0.5],"emissive":[0,0,0],"specularPower":50,"alpha":0,"backFaceCulling":true,"checkReadyOnlyOnce":false,"maxSimultaneousLights":4},
{"name":"alexwalking2.hood_darker_003","id":"alexwalking2.hood_darker_003","ambient":[0.0182,0.0146,0.0113],"diffuse":[0.0146,0.0117,0.009],"specular":[0.5,0.5,0.5],"emissive":[0,0,0],"specularPower":50,"alpha":0,"backFaceCulling":true,"checkReadyOnlyOnce":false,"maxSimultaneousLights":4},
{"name":"alexwalking2.hood_darker_004","id":"alexwalking2.hood_darker_004","ambient":[0.0182,0.0146,0.0113],"diffuse":[0.0146,0.0117,0.009],"specular":[0.5,0.5,0.5],"emissive":[0,0,0],"specularPower":50,"alpha":0,"backFaceCulling":true,"checkReadyOnlyOnce":false,"maxSimultaneousLights":4},
{"name":"alexwalking2.hood_light_002","id":"alexwalking2.hood_light_002","ambient":[0.2462,0.1751,0.1153],"diffuse":[0.197,0.1401,0.0922],"specular":[0.5,0.5,0.5],"emissive":[0,0,0],"specularPower":50,"alpha":0,"backFaceCulling":true,"checkReadyOnlyOnce":false,"maxSimultaneousLights":4},
{"name":"alexwalking2.hood_medium_002","id":"alexwalking2.hood_medium_002","ambient":[0.0937,0.0679,0.0459],"diffuse":[0.075,0.0543,0.0367],"specular":[0.5,0.5,0.5],"emissive":[0,0,0],"specularPower":50,"alpha":0,"backFaceCulling":true,"checkReadyOnlyOnce":false,"maxSimultaneousLights":4},
{"name":"alexwalking2.hood_shadow_002","id":"alexwalking2.hood_shadow_002","ambient":[0.0285,0.0207,0.0174],"diffuse":[0.0228,0.0166,0.0139],"specular":[0.5,0.5,0.5],"emissive":[0,0,0],"specularPower":50,"alpha":0,"backFaceCulling":true,"checkReadyOnlyOnce":false,"maxSimultaneousLights":4},
{"name":"alexwalking2.skin_light_shad_002","id":"alexwalking2.skin_light_shad_002","ambient":[0.3009,0.2133,0.1399],"diffuse":[0.2407,0.1706,0.1119],"specular":[0.5,0.5,0.5],"emissive":[0,0,0],"specularPower":50,"alpha":0,"backFaceCulling":true,"checkReadyOnlyOnce":false,"maxSimultaneousLights":4},
{"name":"alexwalking2.skin_medium_002","id":"alexwalking2.skin_medium_002","ambient":[0.7023,0.4828,0.3013],"diffuse":[0.5618,0.3862,0.241],"specular":[0.5,0.5,0.5],"emissive":[0,0,0],"specularPower":50,"alpha":0,"backFaceCulling":true,"checkReadyOnlyOnce":false,"maxSimultaneousLights":4}],
"multiMaterials":[{"name":"alexwalking2.Multimaterial#0","id":"alexwalking2.Multimaterial#0","materials":["alexwalking2.cloth_dark_002","alexwalking2.cloth_light_004","alexwalking2.cloth_med_light_004","alexwalking2.cloth_medium_004","alexwalking2.hood_dark_002","alexwalking2.hood_dark_003","alexwalking2.hood_darker_002","alexwalking2.hood_darker_003","alexwalking2.hood_darker_004","alexwalking2.hood_light_002","alexwalking2.hood_medium_002","alexwalking2.hood_shadow_002","alexwalking2.skin_light_shad_002","alexwalking2.skin_medium_002"]}],
"skeletons":[{"name":"Armature","id":0,"dimensionsAtRest":[1.7365,1.6788,0.2411],"bones":[
{"name":"Armature","index":0,"matrix":[1,0,0,0,0,1,0,0,0,0,-1,0,0,0.9927,0,1],"rest":[1,0,0,0,0,1,0,0,0,0,-1,0,0,0.9927,0,1],"parentBoneIndex":-1,"length":0.0265
,"animation":{"dataType":3,"framePerSecond":24,"keys":[
{"frame":0,"values":[1,0,0,0,0,1,0,0,0,0,-1,0,0,0.9927,0,1]},
{"frame":199,"values":[1,0,0,0,0,1,0,0,0,0,-1,0,0,0.9927,0,1]},
{"frame":210,"values":[1,0,0,0,0,1,0,0,0,0,-1,0,0,0.9927,0,1]},
{"frame":211,"values":[1,0,0,0,0,1,0,0,0,0,-1,0,0,0.9927,0,1]},
{"frame":220,"values":[1,0,0,0,0,1,0,0,0,0,-1,0,0,0.9927,0,1]},
{"frame":221,"values":[1,0,0,0,0,1,0,0,0,0,-1,0,0,0.9927,0,1]},
{"frame":230,"values":[1,0,0,0,0,1,0,0,0,0,-1,0,0,0.9927,0,1]},
{"frame":231,"values":[1,0,0,0,0,1,0,0,0,0,-1,0,0,0.9927,0,1]},
{"frame":240,"values":[1,0,0,0,0,1,0,0,0,0,-1,0,0,0.9927,0,1]},
{"frame":241,"values":[1,0,0,0,0,1,0,0,0,0,-1,0,0,0.9927,0,1]}],"loopBehavior":1,"name":"anim","property":"_matrix"}},
{"name":"mixamorig_Hips","index":1,"matrix":[0.9987,-0.0478,-0.0197,0,0.0481,0.9987,0.0159,0,0.019,-0.0168,0.9997,0,-0.0021,1.0831,-0.0085,1],"rest":[1,0,0,0,0,1,0,0,0,0,1,0,0,0.0526,-0.0041,1],"parentBoneIndex":0,"length":0.0265
,"animation":{"dataType":3,"framePerSecond":24,"keys":[
{"frame":0,"values":[0.9975,-0.0495,-0.0497,0,0.0502,0.9986,0.0148,0,0.0489,-0.0173,0.9987,0,-0.0008,1.0751,-0.0055,1]},
{"frame":1,"values":[0.9987,-0.0478,-0.0197,0,0.0481,0.9987,0.0159,0,0.019,-0.0168,0.9997,0,-0.0021,1.0831,-0.0085,1]},
{"frame":2,"values":[0.9989,-0.0472,0.0032,0,0.0471,0.9988,0.0136,0,-0.0039,-0.0134,0.9999,0,-0.0029,1.0832,-0.0121,1]},
{"frame":3,"values":[0.9989,-0.0431,0.0187,0,0.0429,0.999,0.0112,0,-0.0192,-0.0104,0.9998,0,-0.0033,1.0771,-0.0163,1]},
{"frame":4,"values":[0.9988,-0.0365,0.0326,0,0.0361,0.9993,0.0124,0,-0.0331,-0.0113,0.9994,0,-0.0029,1.067,-0.0226,1]},
{"frame":5,"values":[0.9982,-0.0339,0.0498,0,0.0332,0.9993,0.0149,0,-0.0503,-0.0133,0.9986,0,-0.0004,1.0533,-0.0248,1]},
{"frame":6,"values":[0.9974,-0.0321,0.0652,0,0.0312,0.9994,0.0147,0,-0.0656,-0.0126,0.9978,0,0.0047,1.0357,-0.0177,1]},
{"frame":7,"values":[0.9969,-0.026,0.0741,0,0.0248,0.9996,0.0167,0,-0.0745,-0.0149,0.9971,0,0.0115,1.0213,-0.0039,1]},
{"frame":8,"values":[0.9972,-0.0156,0.0736,0,0.0138,0.9996,0.0249,0,-0.0739,-0.0238,0.997,0,0.0186,1.0159,0.0078,1]},
{"frame":9,"values":[0.9979,-0.0067,0.0637,0,0.0049,0.9996,0.0286,0,-0.0639,-0.0282,0.9976,0,0.0251,1.0189,0.0108,1]},
{"frame":10,"values":[0.9986,-0.0003,0.0534,0,-0.0009,0.9997,0.023,0,-0.0534,-0.0231,0.9983,0,0.0311,1.0347,0.0084,1]},
{"frame":11,"values":[0.9992,-0.0016,0.0404,0,0.001,0.9999,0.0164,0,-0.0404,-0.0164,0.999,0,0.0352,1.056,0.0038,1]},
{"frame":12,"values":[0.9999,-0.0087,0.013,0,0.0085,0.9998,0.0156,0,-0.0131,-0.0155,0.9998,0,0.0379,1.0765,0.001,1]},
{"frame":13,"values":[0.9995,-0.0091,-0.029,0,0.0098,0.9997,0.022,0,0.0288,-0.0223,0.9993,0,0.0392,1.088,-0.0056,1]},
{"frame":14,"values":[0.9979,0.0007,-0.0646,0,0.0012,0.9996,0.0295,0,0.0646,-0.0295,0.9975,0,0.0395,1.0891,-0.0121,1]},
{"frame":15,"values":[0.9963,0.0124,-0.0855,0,-0.0096,0.9994,0.0334,0,0.0858,-0.0324,0.9958,0,0.0399,1.0809,-0.017,1]},
{"frame":16,"values":[0.995,0.0183,-0.0981,0,-0.0151,0.9993,0.0339,0,0.0986,-0.0322,0.9946,0,0.04,1.0672,-0.0222,1]},
{"frame":17,"values":[0.9933,0.0212,-0.1139,0,-0.0173,0.9992,0.0351,0,0.1145,-0.0329,0.9929,0,0.0389,1.0479,-0.0247,1]},
{"frame":18,"values":[0.9908,0.0227,-0.1331,0,-0.0177,0.9991,0.0389,0,0.1338,-0.0362,0.9903,0,0.0349,1.0295,-0.0222,1]},
{"frame":19,"values":[0.9892,0.0163,-0.1456,0,-0.0098,0.9989,0.045,0,0.1461,-0.0431,0.9883,0,0.028,1.0176,-0.0125,1]},
{"frame":20,"values":[0.9895,-0.0074,-0.1442,0,0.0149,0.9986,0.0515,0,0.1437,-0.0531,0.9882,0,0.0207,1.0113,-0.0078,1]},
{"frame":21,"values":[0.9906,-0.0335,-0.1327,0,0.0408,0.9978,0.0525,0,0.1306,-0.0574,0.9898,0,0.0138,1.019,-0.0063,1]},
{"frame":22,"values":[0.991,-0.0524,-0.1233,0,0.058,0.9974,0.0424,0,0.1208,-0.0492,0.9915,0,0.007,1.0323,-0.0078,1]},
{"frame":23,"values":[0.9923,-0.0585,-0.1093,0,0.0618,0.9977,0.0271,0,0.1075,-0.0336,0.9936,0,0.0031,1.0491,-0.0074,1]},
{"frame":24,"values":[0.9952,-0.0537,-0.0817,0,0.0553,0.9983,0.0168,0,0.0806,-0.0212,0.9965,0,0.0005,1.0654,-0.0046,1]},
{"frame":25,"values":[0.9975,-0.0495,-0.0497,0,0.0502,0.9986,0.0148,0,0.0489,-0.0173,0.9987,0,-0.0008,1.0751,-0.0055,1]},
{"frame":199,"values":[0.9975,-0.0495,-0.0497,0,0.0502,0.9986,0.0148,0,0.0489,-0.0173,0.9987,0,-0.0008,1.0751,-0.0055,1]},
{"frame":210,"values":[0.9975,-0.0495,-0.0497,0,0.0502,0.9986,0.0148,0,0.0489,-0.0173,0.9987,0,-0.0008,1.0751,-0.0055,1]},
{"frame":211,"values":[0.9975,-0.0495,-0.0497,0,0.0502,0.9986,0.0148,0,0.0489,-0.0173,0.9987,0,-0.0008,1.0751,-0.0055,1]},
{"frame":220,"values":[0.9975,-0.0495,-0.0497,0,0.0502,0.9986,0.0148,0,0.0489,-0.0173,0.9987,0,-0.0008,1.0751,-0.0055,1]},
{"frame":221,"values":[0.9975,-0.0495,-0.0497,0,0.0502,0.9986,0.0148,0,0.0489,-0.0173,0.9987,0,-0.0008,1.0751,-0.0055,1]},
{"frame":230,"values":[0.9975,-0.0495,-0.0497,0,0.0502,0.9986,0.0148,0,0.0489,-0.0173,0.9987,0,-0.0008,1.0751,-0.0055,1]},
{"frame":231,"values":[0.9975,-0.0495,-0.0497,0,0.0502,0.9986,0.0148,0,0.0489,-0.0173,0.9987,0,-0.0008,1.0751,-0.0055,1]},
{"frame":240,"values":[0.9975,-0.0495,-0.0497,0,0.0502,0.9986,0.0148,0,0.0489,-0.0173,0.9987,0,-0.0008,1.0751,-0.0055,1]},
{"frame":241,"values":[0.9975,-0.0495,-0.0497,0,0.0502,0.9986,0.0148,0,0.0489,-0.0173,0.9987,0,-0.0008,1.0751,-0.0055,1]}],"loopBehavior":1,"name":"anim","property":"_matrix"}},
{"name":"mixamorig_Spine","index":2,"matrix":[0.9997,0.0216,-0.0129,0,-0.0215,0.9998,0.0047,0,0.013,-0.0044,0.9999,0,0,0.1098,-0.0086,1],"rest":[1,0,0,0,0,1,0,0,0,0,1,0,0,0.1098,-0.0086,1],"parentBoneIndex":1,"length":0.0265
,"animation":{"dataType":3,"framePerSecond":24,"keys":[
{"frame":0,"values":[0.9996,0.0282,-0.0042,0,-0.0281,0.9996,0.0039,0,0.0043,-0.0038,1,0,0,0.1098,-0.0086,1]},
{"frame":1,"values":[0.9997,0.0216,-0.0129,0,-0.0215,0.9998,0.0047,0,0.013,-0.0044,0.9999,0,0,0.1098,-0.0086,1]},
{"frame":2,"values":[0.9997,0.0145,-0.0195,0,-0.0144,0.9999,0.0065,0,0.0196,-0.0062,0.9998,0,0,0.1098,-0.0086,1]},
{"frame":3,"values":[0.9997,0.0072,-0.0242,0,-0.0071,0.9999,0.0078,0,0.0243,-0.0076,0.9997,0,0,0.1098,-0.0086,1]},
{"frame":4,"values":[0.9996,-0.0002,-0.0285,0,0.0005,1,0.0082,0,0.0285,-0.0082,0.9996,0,0,0.1098,-0.0086,1]},
{"frame":5,"values":[0.9994,-0.0047,-0.0338,0,0.005,1,0.0078,0,0.0338,-0.0079,0.9994,0,0,0.1098,-0.0086,1]},
{"frame":6,"values":[0.9992,-0.0078,-0.0388,0,0.008,0.9999,0.0068,0,0.0387,-0.0071,0.9992,0,0,0.1098,-0.0086,1]},
{"frame":7,"values":[0.9991,-0.0106,-0.0416,0,0.0107,0.9999,0.0033,0,0.0416,-0.0037,0.9991,0,0,0.1098,-0.0086,1]},
{"frame":8,"values":[0.9991,-0.0136,-0.0406,0,0.0135,0.9999,-0.003,0,0.0406,0.0025,0.9992,0,0,0.1098,-0.0086,1]},
{"frame":9,"values":[0.9993,-0.0148,-0.0354,0,0.0147,0.9999,-0.0047,0,0.0355,0.0041,0.9994,0,0,0.1098,-0.0086,1]},
{"frame":10,"values":[0.9994,-0.0185,-0.0291,0,0.0185,0.9998,-0.0022,0,0.0291,0.0017,0.9996,0,0,0.1098,-0.0086,1]},
{"frame":11,"values":[0.9995,-0.0215,-0.0216,0,0.0215,0.9998,0.0004,0,0.0216,-0.0009,0.9998,0,0,0.1098,-0.0086,1]},
{"frame":12,"values":[0.9997,-0.0203,-0.0111,0,0.0203,0.9998,0.0014,0,0.0111,-0.0017,0.9999,0,0,0.1098,-0.0086,1]},
{"frame":13,"values":[0.9998,-0.0174,0.001,0,0.0174,0.9998,0.0025,0,-0.0011,-0.0025,1,0,0,0.1098,-0.0086,1]},
{"frame":14,"values":[0.9998,-0.0149,0.0103,0,0.0149,0.9999,0.0034,0,-0.0104,-0.0033,0.9999,0,0,0.1098,-0.0086,1]},
{"frame":15,"values":[0.9998,-0.0108,0.0156,0,0.0107,0.9999,0.0051,0,-0.0156,-0.0049,0.9999,0,0,0.1098,-0.0086,1]},
{"frame":16,"values":[0.9998,-0.0041,0.0186,0,0.004,1,0.0072,0,-0.0187,-0.0071,0.9998,0,0,0.1098,-0.0086,1]},
{"frame":17,"values":[0.9997,0.0019,0.0224,0,-0.0021,1,0.0082,0,-0.0224,-0.0082,0.9997,0,0,0.1098,-0.0086,1]},
{"frame":18,"values":[0.9996,0.0045,0.0275,0,-0.0047,1,0.0072,0,-0.0275,-0.0073,0.9996,0,0,0.1098,-0.0086,1]},
{"frame":19,"values":[0.9995,0.0061,0.0308,0,-0.0062,1,0.0026,0,-0.0308,-0.0028,0.9995,0,0,0.1098,-0.0086,1]},
{"frame":20,"values":[0.9994,0.0147,0.0307,0,-0.0146,0.9999,-0.0034,0,-0.0307,0.003,0.9995,0,0,0.1098,-0.0086,1]},
{"frame":21,"values":[0.9994,0.0229,0.0262,0,-0.0227,0.9997,-0.0055,0,-0.0263,0.0049,0.9996,0,0,0.1098,-0.0086,1]},
{"frame":22,"values":[0.9993,0.03,0.0215,0,-0.03,0.9995,-0.0029,0,-0.0216,0.0023,0.9998,0,0,0.1098,-0.0086,1]},
{"frame":23,"values":[0.9993,0.0338,0.0152,0,-0.0338,0.9994,0.0008,0,-0.0152,-0.0013,0.9999,0,0,0.1098,-0.0086,1]},
{"frame":24,"values":[0.9995,0.0312,0.0054,0,-0.0312,0.9995,0.0026,0,-0.0053,-0.0028,1,0,0,0.1098,-0.0086,1]},
{"frame":25,"values":[0.9996,0.0282,-0.0042,0,-0.0281,0.9996,0.0039,0,0.0043,-0.0038,1,0,0,0.1098,-0.0086,1]},
{"frame":199,"values":[0.9996,0.0282,-0.0042,0,-0.0281,0.9996,0.0039,0,0.0043,-0.0038,1,0,0,0.1098,-0.0086,1]},
{"frame":210,"values":[0.9996,0.0282,-0.0042,0,-0.0281,0.9996,0.0039,0,0.0043,-0.0038,1,0,0,0.1098,-0.0086,1]},
{"frame":211,"values":[0.9996,0.0282,-0.0042,0,-0.0281,0.9996,0.0039,0,0.0043,-0.0038,1,0,0,0.1098,-0.0086,1]},
{"frame":220,"values":[0.9996,0.0282,-0.0042,0,-0.0281,0.9996,0.0039,0,0.0043,-0.0038,1,0,0,0.1098,-0.0086,1]},
{"frame":221,"values":[0.9996,0.0282,-0.0042,0,-0.0281,0.9996,0.0039,0,0.0043,-0.0038,1,0,0,0.1098,-0.0086,1]},
{"frame":230,"values":[0.9996,0.0282,-0.0042,0,-0.0281,0.9996,0.0039,0,0.0043,-0.0038,1,0,0,0.1098,-0.0086,1]},
{"frame":231,"values":[0.9996,0.0282,-0.0042,0,-0.0281,0.9996,0.0039,0,0.0043,-0.0038,1,0,0,0.1098,-0.0086,1]},
{"frame":240,"values":[0.9996,0.0282,-0.0042,0,-0.0281,0.9996,0.0039,0,0.0043,-0.0038,1,0,0,0.1098,-0.0086,1]},
{"frame":241,"values":[0.9996,0.0282,-0.0042,0,-0.0281,0.9996,0.0039,0,0.0043,-0.0038,1,0,0,0.1098,-0.0086,1]}],"loopBehavior":1,"name":"anim","property":"_matrix"}},
{"name":"mixamorig_Spine1","index":3,"matrix":[0.9997,0.002,-0.0258,0,-0.0018,1,0.0084,0,0.0258,-0.0084,0.9996,0,0,0.1281,-0.01,1],"rest":[1,0,0,0,0,1,0,0,0,0,1,0,0,0.1281,-0.01,1],"parentBoneIndex":2,"length":0.0265
,"animation":{"dataType":3,"framePerSecond":24,"keys":[
{"frame":0,"values":[0.9999,0.0088,-0.012,0,-0.0087,0.9999,0.0068,0,0.0121,-0.0067,0.9999,0,0,0.1281,-0.01,1]},
{"frame":1,"values":[0.9997,0.002,-0.0258,0,-0.0018,1,0.0084,0,0.0258,-0.0084,0.9996,0,0,0.1281,-0.01,1]},
{"frame":2,"values":[0.9993,-0.0011,-0.037,0,0.0016,0.9999,0.0122,0,0.037,-0.0123,0.9992,0,0,0.1281,-0.01,1]},
{"frame":3,"values":[0.9989,-0.0039,-0.0458,0,0.0046,0.9999,0.0151,0,0.0457,-0.0153,0.9988,0,0,0.1281,-0.01,1]},
{"frame":4,"values":[0.9985,-0.0084,-0.0549,0,0.0093,0.9998,0.0161,0,0.0548,-0.0166,0.9984,0,0,0.1281,-0.01,1]},
{"frame":5,"values":[0.9977,-0.0136,-0.066,0,0.0146,0.9998,0.0152,0,0.0658,-0.0162,0.9977,0,0,0.1281,-0.01,1]},
{"frame":6,"values":[0.997,-0.0179,-0.0758,0,0.019,0.9997,0.0132,0,0.0756,-0.0146,0.997,0,0,0.1281,-0.01,1]},
{"frame":7,"values":[0.9965,-0.0227,-0.0808,0,0.0233,0.9997,0.0061,0,0.0807,-0.0079,0.9967,0,0,0.1281,-0.01,1]},
{"frame":8,"values":[0.9964,-0.0306,-0.0785,0,0.0302,0.9995,-0.0067,0,0.0786,0.0043,0.9969,0,0,0.1281,-0.01,1]},
{"frame":9,"values":[0.9971,-0.0344,-0.0676,0,0.0338,0.9994,-0.0099,0,0.0679,0.0076,0.9977,0,0,0.1281,-0.01,1]},
{"frame":10,"values":[0.9981,-0.0303,-0.0535,0,0.0301,0.9995,-0.0047,0,0.0536,0.003,0.9986,0,0,0.1281,-0.01,1]},
{"frame":11,"values":[0.999,-0.0224,-0.0376,0,0.0224,0.9997,0.0011,0,0.0375,-0.002,0.9993,0,0,0.1281,-0.01,1]},
{"frame":12,"values":[0.9998,-0.0123,-0.018,0,0.0123,0.9999,0.0035,0,0.0179,-0.0037,0.9998,0,0,0.1281,-0.01,1]},
{"frame":13,"values":[1,-0.0072,0.0035,0,0.0072,1,0.0056,0,-0.0035,-0.0055,1,0,0,0.1281,-0.01,1]},
{"frame":14,"values":[0.9998,-0.0073,0.0198,0,0.0072,0.9999,0.0074,0,-0.0199,-0.0072,0.9998,0,0,0.1281,-0.01,1]},
{"frame":15,"values":[0.9995,-0.0071,0.0295,0,0.0068,0.9999,0.0105,0,-0.0295,-0.0103,0.9995,0,0,0.1281,-0.01,1]},
{"frame":16,"values":[0.9993,-0.0052,0.0365,0,0.0046,0.9999,0.0145,0,-0.0366,-0.0143,0.9992,0,0,0.1281,-0.01,1]},
{"frame":17,"values":[0.9989,-0.001,0.0459,0,0.0003,0.9999,0.0163,0,-0.0459,-0.0162,0.9988,0,0,0.1281,-0.01,1]},
{"frame":18,"values":[0.9984,0.0039,0.0556,0,-0.0047,0.9999,0.0142,0,-0.0555,-0.0145,0.9984,0,0,0.1281,-0.01,1]},
{"frame":19,"values":[0.9981,0.0096,0.0605,0,-0.0099,0.9999,0.0049,0,-0.0604,-0.0055,0.9982,0,0,0.1281,-0.01,1]},
{"frame":20,"values":[0.9983,0.0168,0.0565,0,-0.0164,0.9998,-0.0073,0,-0.0566,0.0064,0.9984,0,0,0.1281,-0.01,1]},
{"frame":21,"values":[0.9986,0.0257,0.0457,0,-0.0252,0.9996,-0.0116,0,-0.046,0.0104,0.9989,0,0,0.1281,-0.01,1]},
{"frame":22,"values":[0.999,0.0283,0.0342,0,-0.0281,0.9996,-0.0066,0,-0.0344,0.0056,0.9994,0,0,0.1281,-0.01,1]},
{"frame":23,"values":[0.9995,0.0244,0.0211,0,-0.0245,0.9997,0.0007,0,-0.0211,-0.0012,0.9998,0,0,0.1281,-0.01,1]},
{"frame":24,"values":[0.9999,0.0159,0.004,0,-0.0159,0.9999,0.0043,0,-0.004,-0.0044,1,0,0,0.1281,-0.01,1]},
{"frame":25,"values":[0.9999,0.0088,-0.012,0,-0.0087,0.9999,0.0068,0,0.0121,-0.0067,0.9999,0,0,0.1281,-0.01,1]},
{"frame":199,"values":[0.9999,0.0088,-0.012,0,-0.0087,0.9999,0.0068,0,0.0121,-0.0067,0.9999,0,0,0.1281,-0.01,1]},
{"frame":210,"values":[0.9999,0.0088,-0.012,0,-0.0087,0.9999,0.0068,0,0.0121,-0.0067,0.9999,0,0,0.1281,-0.01,1]},
{"frame":211,"values":[0.9999,0.0088,-0.012,0,-0.0087,0.9999,0.0068,0,0.0121,-0.0067,0.9999,0,0,0.1281,-0.01,1]},
{"frame":220,"values":[0.9999,0.0088,-0.012,0,-0.0087,0.9999,0.0068,0,0.0121,-0.0067,0.9999,0,0,0.1281,-0.01,1]},
{"frame":221,"values":[0.9999,0.0088,-0.012,0,-0.0087,0.9999,0.0068,0,0.0121,-0.0067,0.9999,0,0,0.1281,-0.01,1]},
{"frame":230,"values":[0.9999,0.0088,-0.012,0,-0.0087,0.9999,0.0068,0,0.0121,-0.0067,0.9999,0,0,0.1281,-0.01,1]},
{"frame":231,"values":[0.9999,0.0088,-0.012,0,-0.0087,0.9999,0.0068,0,0.0121,-0.0067,0.9999,0,0,0.1281,-0.01,1]},
{"frame":240,"values":[0.9999,0.0088,-0.012,0,-0.0087,0.9999,0.0068,0,0.0121,-0.0067,0.9999,0,0,0.1281,-0.01,1]},
{"frame":241,"values":[0.9999,0.0088,-0.012,0,-0.0087,0.9999,0.0068,0,0.0121,-0.0067,0.9999,0,0,0.1281,-0.01,1]}],"loopBehavior":1,"name":"anim","property":"_matrix"}},
{"name":"mixamorig_Spine2","index":4,"matrix":[0.9997,0.002,-0.0258,0,-0.0018,1,0.0084,0,0.0258,-0.0084,0.9996,0,0,0.1464,-0.0114,1],"rest":[1,0,0,0,0,1,0,0,0,0,1,0,0,0.1464,-0.0114,1],"parentBoneIndex":3,"length":0.0265
,"animation":{"dataType":3,"framePerSecond":24,"keys":[
{"frame":0,"values":[0.9999,0.0088,-0.012,0,-0.0087,0.9999,0.0068,0,0.0121,-0.0067,0.9999,0,0,0.1464,-0.0114,1]},
{"frame":1,"values":[0.9997,0.002,-0.0258,0,-0.0018,1,0.0084,0,0.0258,-0.0084,0.9996,0,0,0.1464,-0.0114,1]},
{"frame":2,"values":[0.9993,-0.0011,-0.037,0,0.0016,0.9999,0.0122,0,0.037,-0.0123,0.9992,0,0,0.1464,-0.0114,1]},
{"frame":3,"values":[0.9989,-0.0039,-0.0458,0,0.0046,0.9999,0.0151,0,0.0457,-0.0153,0.9988,0,0,0.1464,-0.0114,1]},
{"frame":4,"values":[0.9985,-0.0084,-0.0549,0,0.0093,0.9998,0.0161,0,0.0548,-0.0166,0.9984,0,0,0.1464,-0.0114,1]},
{"frame":5,"values":[0.9977,-0.0136,-0.066,0,0.0146,0.9998,0.0152,0,0.0658,-0.0162,0.9977,0,0,0.1464,-0.0114,1]},
{"frame":6,"values":[0.997,-0.0179,-0.0758,0,0.019,0.9997,0.0132,0,0.0756,-0.0146,0.997,0,0,0.1464,-0.0114,1]},
{"frame":7,"values":[0.9965,-0.0227,-0.0808,0,0.0233,0.9997,0.0061,0,0.0807,-0.0079,0.9967,0,0,0.1464,-0.0114,1]},
{"frame":8,"values":[0.9964,-0.0306,-0.0785,0,0.0302,0.9995,-0.0067,0,0.0786,0.0043,0.9969,0,0,0.1464,-0.0114,1]},
{"frame":9,"values":[0.9971,-0.0344,-0.0676,0,0.0338,0.9994,-0.0099,0,0.0679,0.0076,0.9977,0,0,0.1464,-0.0114,1]},
{"frame":10,"values":[0.9981,-0.0303,-0.0535,0,0.0301,0.9995,-0.0047,0,0.0536,0.003,0.9986,0,0,0.1464,-0.0114,1]},
{"frame":11,"values":[0.999,-0.0224,-0.0376,0,0.0224,0.9997,0.0011,0,0.0375,-0.002,0.9993,0,0,0.1464,-0.0114,1]},
{"frame":12,"values":[0.9998,-0.0123,-0.018,0,0.0123,0.9999,0.0035,0,0.0179,-0.0037,0.9998,0,0,0.1464,-0.0114,1]},
{"frame":13,"values":[1,-0.0072,0.0035,0,0.0072,1,0.0056,0,-0.0035,-0.0055,1,0,0,0.1464,-0.0114,1]},
{"frame":14,"values":[0.9998,-0.0073,0.0198,0,0.0072,0.9999,0.0074,0,-0.0199,-0.0072,0.9998,0,0,0.1464,-0.0114,1]},
{"frame":15,"values":[0.9995,-0.0071,0.0295,0,0.0068,0.9999,0.0105,0,-0.0295,-0.0103,0.9995,0,0,0.1464,-0.0114,1]},
{"frame":16,"values":[0.9993,-0.0052,0.0365,0,0.0046,0.9999,0.0145,0,-0.0366,-0.0143,0.9992,0,0,0.1464,-0.0114,1]},
{"frame":17,"values":[0.9989,-0.001,0.0459,0,0.0003,0.9999,0.0163,0,-0.0459,-0.0162,0.9988,0,0,0.1464,-0.0114,1]},
{"frame":18,"values":[0.9984,0.0039,0.0556,0,-0.0047,0.9999,0.0142,0,-0.0555,-0.0145,0.9984,0,0,0.1464,-0.0114,1]},
{"frame":19,"values":[0.9981,0.0096,0.0605,0,-0.0099,0.9999,0.0049,0,-0.0604,-0.0055,0.9982,0,0,0.1464,-0.0114,1]},
{"frame":20,"values":[0.9983,0.0168,0.0565,0,-0.0164,0.9998,-0.0073,0,-0.0566,0.0064,0.9984,0,0,0.1464,-0.0114,1]},
{"frame":21,"values":[0.9986,0.0257,0.0457,0,-0.0252,0.9996,-0.0116,0,-0.046,0.0104,0.9989,0,0,0.1464,-0.0114,1]},
{"frame":22,"values":[0.999,0.0283,0.0342,0,-0.0281,0.9996,-0.0066,0,-0.0344,0.0056,0.9994,0,0,0.1464,-0.0114,1]},
{"frame":23,"values":[0.9995,0.0244,0.0211,0,-0.0245,0.9997,0.0007,0,-0.0211,-0.0012,0.9998,0,0,0.1464,-0.0114,1]},
{"frame":24,"values":[0.9999,0.0159,0.004,0,-0.0159,0.9999,0.0043,0,-0.004,-0.0044,1,0,0,0.1464,-0.0114,1]},
{"frame":25,"values":[0.9999,0.0088,-0.012,0,-0.0087,0.9999,0.0068,0,0.0121,-0.0067,0.9999,0,0,0.1464,-0.0114,1]},
{"frame":199,"values":[0.9999,0.0088,-0.012,0,-0.0087,0.9999,0.0068,0,0.0121,-0.0067,0.9999,0,0,0.1464,-0.0114,1]},
{"frame":210,"values":[0.9999,0.0088,-0.012,0,-0.0087,0.9999,0.0068,0,0.0121,-0.0067,0.9999,0,0,0.1464,-0.0114,1]},
{"frame":211,"values":[0.9999,0.0088,-0.012,0,-0.0087,0.9999,0.0068,0,0.0121,-0.0067,0.9999,0,0,0.1464,-0.0114,1]},
{"frame":220,"values":[0.9999,0.0088,-0.012,0,-0.0087,0.9999,0.0068,0,0.0121,-0.0067,0.9999,0,0,0.1464,-0.0114,1]},
{"frame":221,"values":[0.9999,0.0088,-0.012,0,-0.0087,0.9999,0.0068,0,0.0121,-0.0067,0.9999,0,0,0.1464,-0.0114,1]},
{"frame":230,"values":[0.9999,0.0088,-0.012,0,-0.0087,0.9999,0.0068,0,0.0121,-0.0067,0.9999,0,0,0.1464,-0.0114,1]},
{"frame":231,"values":[0.9999,0.0088,-0.012,0,-0.0087,0.9999,0.0068,0,0.0121,-0.0067,0.9999,0,0,0.1464,-0.0114,1]},
{"frame":240,"values":[0.9999,0.0088,-0.012,0,-0.0087,0.9999,0.0068,0,0.0121,-0.0067,0.9999,0,0,0.1464,-0.0114,1]},
{"frame":241,"values":[0.9999,0.0088,-0.012,0,-0.0087,0.9999,0.0068,0,0.0121,-0.0067,0.9999,0,0,0.1464,-0.0114,1]}],"loopBehavior":1,"name":"anim","property":"_matrix"}},
{"name":"mixamorig_Neck","index":5,"matrix":[0.9999,-0.0039,0.0118,0,0.0038,0.9999,0.0097,0,-0.0118,-0.0097,0.9999,0,0,0.1647,-0.0128,1],"rest":[1,0,0,0,0,1,0,0,0,0,1,0,0,0.1647,-0.0128,1],"parentBoneIndex":4,"length":0.0265
,"animation":{"dataType":3,"framePerSecond":24,"keys":[
{"frame":0,"values":[0.9997,-0.0211,0.008,0,0.0211,0.9998,0.0001,0,-0.008,0.0001,1,0,0,0.1647,-0.0128,1]},
{"frame":1,"values":[0.9999,-0.0039,0.0118,0,0.0038,0.9999,0.0097,0,-0.0118,-0.0097,0.9999,0,0,0.1647,-0.0128,1]},
{"frame":2,"values":[0.9998,0.0147,0.0164,0,-0.015,0.9997,0.0185,0,-0.0161,-0.0188,0.9997,0,0,0.1647,-0.0128,1]},
{"frame":3,"values":[0.9993,0.0312,0.0207,0,-0.0319,0.9989,0.0333,0,-0.0196,-0.0339,0.9992,0,0,0.1647,-0.0128,1]},
{"frame":4,"values":[0.9983,0.0524,0.0271,0,-0.0535,0.9976,0.0437,0,-0.0248,-0.045,0.9987,0,0,0.1647,-0.0128,1]},
{"frame":5,"values":[0.9966,0.0746,0.0348,0,-0.076,0.9963,0.0401,0,-0.0317,-0.0426,0.9986,0,0,0.1647,-0.0128,1]},
{"frame":6,"values":[0.9956,0.0851,0.0381,0,-0.0858,0.9962,0.0178,0,-0.0364,-0.021,0.9991,0,0,0.1647,-0.0128,1]},
{"frame":7,"values":[0.996,0.0812,0.0364,0,-0.0815,0.9967,0.0068,0,-0.0357,-0.0098,0.9993,0,0,0.1647,-0.0128,1]},
{"frame":8,"values":[0.9963,0.0787,0.0336,0,-0.0794,0.9966,0.0211,0,-0.0319,-0.0237,0.9992,0,0,0.1647,-0.0128,1]},
{"frame":9,"values":[0.9975,0.0652,0.026,0,-0.0656,0.9977,0.0172,0,-0.0248,-0.0189,0.9995,0,0,0.1647,-0.0128,1]},
{"frame":10,"values":[0.999,0.0413,0.0158,0,-0.0416,0.999,0.0191,0,-0.015,-0.0197,0.9997,0,0,0.1647,-0.0128,1]},
{"frame":11,"values":[0.9997,0.0252,0.0076,0,-0.0254,0.9992,0.0309,0,-0.0068,-0.0311,0.9995,0,0,0.1647,-0.0128,1]},
{"frame":12,"values":[0.9999,0.0116,0,0,-0.0116,0.9986,0.0518,0,0.0006,-0.0518,0.9987,0,0,0.1647,-0.0128,1]},
{"frame":13,"values":[1,0.0074,-0.0053,0,-0.0071,0.9984,0.0564,0,0.0057,-0.0564,0.9984,0,0,0.1647,-0.0128,1]},
{"frame":14,"values":[0.9999,0.0053,-0.0091,0,-0.0048,0.9984,0.0569,0,0.0094,-0.0569,0.9983,0,0,0.1647,-0.0128,1]},
{"frame":15,"values":[0.9999,-0.0067,-0.0138,0,0.0074,0.9985,0.0548,0,0.0134,-0.0549,0.9984,0,0,0.1647,-0.0128,1]},
{"frame":16,"values":[0.9996,-0.0203,-0.0171,0,0.0212,0.9984,0.052,0,0.016,-0.0523,0.9985,0,0,0.1647,-0.0128,1]},
{"frame":17,"values":[0.9991,-0.0363,-0.0203,0,0.0371,0.9986,0.0382,0,0.0189,-0.0389,0.9991,0,0,0.1647,-0.0128,1]},
{"frame":18,"values":[0.9985,-0.0495,-0.0226,0,0.0498,0.9987,0.0123,0,0.022,-0.0134,0.9997,0,0,0.1647,-0.0128,1]},
{"frame":19,"values":[0.9983,-0.0535,-0.0225,0,0.0535,0.9986,0.0016,0,0.0224,-0.0028,0.9997,0,0,0.1647,-0.0128,1]},
{"frame":20,"values":[0.9988,-0.0458,-0.0188,0,0.0458,0.999,-0.0015,0,0.0188,0.0006,0.9998,0,0,0.1647,-0.0128,1]},
{"frame":21,"values":[0.9991,-0.0399,-0.0135,0,0.0397,0.9991,-0.0151,0,0.0141,0.0145,0.9998,0,0,0.1647,-0.0128,1]},
{"frame":22,"values":[0.9997,-0.0242,-0.0058,0,0.024,0.9992,-0.032,0,0.0066,0.0319,0.9995,0,0,0.1647,-0.0128,1]},
{"frame":23,"values":[0.9999,-0.0134,0.0008,0,0.0134,0.9994,-0.0312,0,-0.0004,0.0312,0.9995,0,0,0.1647,-0.0128,1]},
{"frame":24,"values":[0.9999,-0.0099,0.0062,0,0.01,0.9999,-0.0114,0,-0.0061,0.0114,0.9999,0,0,0.1647,-0.0128,1]},
{"frame":25,"values":[0.9997,-0.0211,0.008,0,0.0211,0.9998,0.0001,0,-0.008,0.0001,1,0,0,0.1647,-0.0128,1]},
{"frame":199,"values":[0.9997,-0.0211,0.008,0,0.0211,0.9998,0.0001,0,-0.008,0.0001,1,0,0,0.1647,-0.0128,1]},
{"frame":210,"values":[0.9997,-0.0211,0.008,0,0.0211,0.9998,0.0001,0,-0.008,0.0001,1,0,0,0.1647,-0.0128,1]},
{"frame":211,"values":[0.9997,-0.0211,0.008,0,0.0211,0.9998,0.0001,0,-0.008,0.0001,1,0,0,0.1647,-0.0128,1]},
{"frame":220,"values":[0.9997,-0.0211,0.008,0,0.0211,0.9998,0.0001,0,-0.008,0.0001,1,0,0,0.1647,-0.0128,1]},
{"frame":221,"values":[0.9997,-0.0211,0.008,0,0.0211,0.9998,0.0001,0,-0.008,0.0001,1,0,0,0.1647,-0.0128,1]},
{"frame":230,"values":[0.9997,-0.0211,0.008,0,0.0211,0.9998,0.0001,0,-0.008,0.0001,1,0,0,0.1647,-0.0128,1]},
{"frame":231,"values":[0.9997,-0.0211,0.008,0,0.0211,0.9998,0.0001,0,-0.008,0.0001,1,0,0,0.1647,-0.0128,1]},
{"frame":240,"values":[0.9997,-0.0211,0.008,0,0.0211,0.9998,0.0001,0,-0.008,0.0001,1,0,0,0.1647,-0.0128,1]},
{"frame":241,"values":[0.9997,-0.0211,0.008,0,0.0211,0.9998,0.0001,0,-0.008,0.0001,1,0,0,0.1647,-0.0128,1]}],"loopBehavior":1,"name":"anim","property":"_matrix"}},
{"name":"mixamorig_Head","index":6,"matrix":[0.9984,0.0222,0.0512,0,-0.0241,0.999,0.0382,0,-0.0503,-0.0394,0.998,0,0,0.0227,0.0176,1],"rest":[1,0,0,0,0,1,0,0,0,0,1,0,0,0.0227,0.0176,1],"parentBoneIndex":5,"length":0.0265
,"animation":{"dataType":3,"framePerSecond":24,"keys":[
{"frame":0,"values":[0.998,0.0307,0.0543,0,-0.0332,0.9984,0.0461,0,-0.0528,-0.0478,0.9975,0,0,0.0227,0.0176,1]},
{"frame":1,"values":[0.9984,0.0222,0.0512,0,-0.0241,0.999,0.0382,0,-0.0503,-0.0394,0.998,0,0,0.0227,0.0176,1]},
{"frame":2,"values":[0.9989,0.0099,0.0458,0,-0.0113,0.9994,0.0315,0,-0.0455,-0.032,0.9985,0,0,0.0227,0.0176,1]},
{"frame":3,"values":[0.9991,0.0003,0.0414,0,-0.0012,0.9998,0.0217,0,-0.0414,-0.0218,0.9989,0,0,0.0227,0.0176,1]},
{"frame":4,"values":[0.9992,-0.009,0.0381,0,0.0085,0.9999,0.0133,0,-0.0382,-0.0129,0.9992,0,0,0.0227,0.0176,1]},
{"frame":5,"values":[0.9992,-0.0129,0.0379,0,0.0125,0.9999,0.0105,0,-0.038,-0.01,0.9992,0,0,0.0227,0.0176,1]},
{"frame":6,"values":[0.9991,-0.0043,0.043,0,0.0034,0.9998,0.0203,0,-0.043,-0.0201,0.9989,0,0,0.0227,0.0176,1]},
{"frame":7,"values":[0.9986,0.0155,0.0501,0,-0.0166,0.9996,0.0226,0,-0.0498,-0.0234,0.9985,0,0,0.0227,0.0176,1]},
{"frame":8,"values":[0.9982,0.0316,0.0503,0,-0.0322,0.9994,0.0119,0,-0.0499,-0.0135,0.9987,0,0,0.0227,0.0176,1]},
{"frame":9,"values":[0.9982,0.0416,0.0424,0,-0.0425,0.9989,0.0214,0,-0.0415,-0.0231,0.9989,0,0,0.0227,0.0176,1]},
{"frame":10,"values":[0.9984,0.0485,0.0291,0,-0.0494,0.9983,0.031,0,-0.0275,-0.0323,0.9991,0,0,0.0227,0.0176,1]},
{"frame":11,"values":[0.9987,0.0498,0.0125,0,-0.0502,0.9981,0.0368,0,-0.0106,-0.0374,0.9992,0,0,0.0227,0.0176,1]},
{"frame":12,"values":[0.9986,0.0538,-0.0011,0,-0.0537,0.9981,0.0315,0,0.0028,-0.0314,0.9995,0,0,0.0227,0.0176,1]},
{"frame":13,"values":[0.9982,0.0589,-0.0094,0,-0.0587,0.998,0.0232,0,0.0108,-0.0226,0.9997,0,0,0.0227,0.0176,1]},
{"frame":14,"values":[0.9978,0.0644,-0.0142,0,-0.0643,0.9979,0.0109,0,0.0149,-0.0099,0.9998,0,0,0.0227,0.0176,1]},
{"frame":15,"values":[0.9973,0.0718,-0.0149,0,-0.0718,0.9974,-0.0004,0,0.0148,0.0015,0.9999,0,0,0.0227,0.0176,1]},
{"frame":16,"values":[0.9971,0.0742,-0.0149,0,-0.0743,0.9972,-0.0085,0,0.0143,0.0096,0.9999,0,0,0.0227,0.0176,1]},
{"frame":17,"values":[0.9974,0.0707,-0.0137,0,-0.0707,0.9975,-0.0031,0,0.0135,0.0041,0.9999,0,0,0.0227,0.0176,1]},
{"frame":18,"values":[0.998,0.0623,-0.0114,0,-0.0622,0.998,0.0128,0,0.0122,-0.012,0.9999,0,0,0.0227,0.0176,1]},
{"frame":19,"values":[0.9987,0.0504,-0.0088,0,-0.0502,0.9985,0.0199,0,0.0098,-0.0195,0.9998,0,0,0.0227,0.0176,1]},
{"frame":20,"values":[0.9993,0.0382,-0.0044,0,-0.0381,0.999,0.0225,0,0.0052,-0.0223,0.9997,0,0,0.0227,0.0176,1]},
{"frame":21,"values":[0.9993,0.0362,0.0059,0,-0.0364,0.9989,0.0305,0,-0.0048,-0.0307,0.9995,0,0,0.0227,0.0176,1]},
{"frame":22,"values":[0.9993,0.0339,0.0173,0,-0.0346,0.9984,0.0436,0,-0.0158,-0.0442,0.9989,0,0,0.0227,0.0176,1]},
{"frame":23,"values":[0.999,0.0336,0.0303,0,-0.035,0.9981,0.0497,0,-0.0286,-0.0507,0.9983,0,0,0.0227,0.0176,1]},
{"frame":24,"values":[0.9986,0.032,0.0432,0,-0.0341,0.9983,0.0477,0,-0.0416,-0.0491,0.9979,0,0,0.0227,0.0176,1]},
{"frame":25,"values":[0.998,0.0307,0.0543,0,-0.0332,0.9984,0.0461,0,-0.0528,-0.0478,0.9975,0,0,0.0227,0.0176,1]},
{"frame":199,"values":[0.998,0.0307,0.0543,0,-0.0332,0.9984,0.0461,0,-0.0528,-0.0478,0.9975,0,0,0.0227,0.0176,1]},
{"frame":210,"values":[0.998,0.0307,0.0543,0,-0.0332,0.9984,0.0461,0,-0.0528,-0.0478,0.9975,0,0,0.0227,0.0176,1]},
{"frame":211,"values":[0.998,0.0307,0.0543,0,-0.0332,0.9984,0.0461,0,-0.0528,-0.0478,0.9975,0,0,0.0227,0.0176,1]},
{"frame":220,"values":[0.998,0.0307,0.0543,0,-0.0332,0.9984,0.0461,0,-0.0528,-0.0478,0.9975,0,0,0.0227,0.0176,1]},
{"frame":221,"values":[0.998,0.0307,0.0543,0,-0.0332,0.9984,0.0461,0,-0.0528,-0.0478,0.9975,0,0,0.0227,0.0176,1]},
{"frame":230,"values":[0.998,0.0307,0.0543,0,-0.0332,0.9984,0.0461,0,-0.0528,-0.0478,0.9975,0,0,0.0227,0.0176,1]},
{"frame":231,"values":[0.998,0.0307,0.0543,0,-0.0332,0.9984,0.0461,0,-0.0528,-0.0478,0.9975,0,0,0.0227,0.0176,1]},
{"frame":240,"values":[0.998,0.0307,0.0543,0,-0.0332,0.9984,0.0461,0,-0.0528,-0.0478,0.9975,0,0,0.0227,0.0176,1]},
{"frame":241,"values":[0.998,0.0307,0.0543,0,-0.0332,0.9984,0.0461,0,-0.0528,-0.0478,0.9975,0,0,0.0227,0.0176,1]}],"loopBehavior":1,"name":"anim","property":"_matrix"}},
{"name":"mixamorig_HeadTop_End","index":7,"matrix":[1,0,0,0,0,1,0,0,0,0,1,0,0,0.1965,0.1525,1],"rest":[1,0,0,0,0,1,0,0,0,0,1,0,0,0.1965,0.1525,1],"parentBoneIndex":6,"length":0.0265
,"animation":{"dataType":3,"framePerSecond":24,"keys":[
{"frame":0,"values":[1,0,0,0,0,1,0,0,0,0,1,0,0,0.1965,0.1525,1]},
{"frame":199,"values":[1,0,0,0,0,1,0,0,0,0,1,0,0,0.1965,0.1525,1]},
{"frame":210,"values":[1,0,0,0,0,1,0,0,0,0,1,0,0,0.1965,0.1525,1]},
{"frame":211,"values":[1,0,0,0,0,1,0,0,0,0,1,0,0,0.1965,0.1525,1]},
{"frame":220,"values":[1,0,0,0,0,1,0,0,0,0,1,0,0,0.1965,0.1525,1]},
{"frame":221,"values":[1,0,0,0,0,1,0,0,0,0,1,0,0,0.1965,0.1525,1]},
{"frame":230,"values":[1,0,0,0,0,1,0,0,0,0,1,0,0,0.1965,0.1525,1]},
{"frame":231,"values":[1,0,0,0,0,1,0,0,0,0,1,0,0,0.1965,0.1525,1]},
{"frame":240,"values":[1,0,0,0,0,1,0,0,0,0,1,0,0,0.1965,0.1525,1]},
{"frame":241,"values":[1,0,0,0,0,1,0,0,0,0,1,0,0,0.1965,0.1525,1]}],"loopBehavior":1,"name":"anim","property":"_matrix"}},
{"name":"mixamorig_LeftShoulder","index":8,"matrix":[0.9362,-0.2748,0.2193,0,0.264,0.9614,0.0778,0,-0.2322,-0.0149,0.9726,0,0.0784,0.1498,-0.0127,1],"rest":[1,0,0,0,0,1,0,0,0,0,1,0,0.0784,0.1498,-0.0127,1],"parentBoneIndex":4,"length":0.0265
,"animation":{"dataType":3,"framePerSecond":24,"keys":[
{"frame":0,"values":[0.9267,-0.2876,0.2418,0,0.2758,0.9577,0.0819,0,-0.2551,-0.0092,0.9669,0,0.0784,0.1498,-0.0127,1]},
{"frame":1,"values":[0.9362,-0.2748,0.2193,0,0.264,0.9614,0.0778,0,-0.2322,-0.0149,0.9726,0,0.0784,0.1498,-0.0127,1]},
{"frame":2,"values":[0.9398,-0.2738,0.2045,0,0.2636,0.9616,0.0763,0,-0.2175,-0.0179,0.9759,0,0.0784,0.1498,-0.0127,1]},
{"frame":3,"values":[0.9455,-0.2627,0.1925,0,0.253,0.9646,0.0738,0,-0.2051,-0.0211,0.9785,0,0.0784,0.1498,-0.0127,1]},
{"frame":4,"values":[0.9471,-0.2544,0.1956,0,0.2446,0.9669,0.073,0,-0.2077,-0.0212,0.978,0,0.0784,0.1498,-0.0127,1]},
{"frame":5,"values":[0.9497,-0.2488,0.1903,0,0.2393,0.9683,0.0719,0,-0.2021,-0.0227,0.9791,0,0.0784,0.1498,-0.0127,1]},
{"frame":6,"values":[0.9479,-0.2571,0.1879,0,0.2476,0.9661,0.0728,0,-0.2003,-0.0225,0.9795,0,0.0784,0.1498,-0.0127,1]},
{"frame":7,"values":[0.9403,-0.2734,0.2026,0,0.2632,0.9617,0.0762,0,-0.2157,-0.0183,0.9763,0,0.0784,0.1498,-0.0127,1]},
{"frame":8,"values":[0.941,-0.271,0.2026,0,0.2608,0.9624,0.0759,0,-0.2155,-0.0186,0.9763,0,0.0784,0.1498,-0.0127,1]},
{"frame":9,"values":[0.9313,-0.2875,0.2236,0,0.2764,0.9577,0.0801,0,-0.2371,-0.0128,0.9714,0,0.0784,0.1498,-0.0127,1]},
{"frame":10,"values":[0.9124,-0.3176,0.2581,0,0.3051,0.9482,0.0882,0,-0.2727,-0.0017,0.9621,0,0.0784,0.1498,-0.0127,1]},
{"frame":11,"values":[0.914,-0.3124,0.2591,0,0.2999,0.95,0.0874,0,-0.2734,-0.0022,0.9619,0,0.0784,0.1498,-0.0127,1]},
{"frame":12,"values":[0.9174,-0.3059,0.2547,0,0.2936,0.9521,0.0859,0,-0.2687,-0.004,0.9632,0,0.0784,0.1498,-0.0127,1]},
{"frame":13,"values":[0.9207,-0.2875,0.2639,0,0.2751,0.9578,0.0837,0,-0.2768,-0.0045,0.9609,0,0.0784,0.1498,-0.0127,1]},
{"frame":14,"values":[0.9242,-0.2716,0.2685,0,0.2592,0.9624,0.0815,0,-0.2805,-0.0058,0.9598,0,0.0784,0.1498,-0.0127,1]},
{"frame":15,"values":[0.9249,-0.2642,0.2733,0,0.2516,0.9644,0.0807,0,-0.285,-0.0059,0.9585,0,0.0784,0.1498,-0.0127,1]},
{"frame":16,"values":[0.9249,-0.2637,0.2738,0,0.2511,0.9646,0.0807,0,-0.2854,-0.0059,0.9584,0,0.0784,0.1498,-0.0127,1]},
{"frame":17,"values":[0.9243,-0.2642,0.2753,0,0.2516,0.9644,0.0809,0,-0.2869,-0.0055,0.9579,0,0.0784,0.1498,-0.0127,1]},
{"frame":18,"values":[0.9192,-0.2708,0.2858,0,0.2578,0.9626,0.0829,0,-0.2975,-0.0025,0.9547,0,0.0784,0.1498,-0.0127,1]},
{"frame":19,"values":[0.9126,-0.2836,0.2945,0,0.2703,0.9589,0.0858,0,-0.3067,0.0013,0.9518,0,0.0784,0.1498,-0.0127,1]},
{"frame":20,"values":[0.9103,-0.2898,0.2957,0,0.2765,0.9571,0.0869,0,-0.3082,0.0026,0.9513,0,0.0784,0.1498,-0.0127,1]},
{"frame":21,"values":[0.9166,-0.2835,0.2819,0,0.2705,0.959,0.0847,0,-0.2944,-0.0013,0.9557,0,0.0784,0.1498,-0.0127,1]},
{"frame":22,"values":[0.9191,-0.2813,0.276,0,0.2685,0.9596,0.0838,0,-0.2884,-0.0029,0.9575,0,0.0784,0.1498,-0.0127,1]},
{"frame":23,"values":[0.9184,-0.2859,0.2736,0,0.2732,0.9583,0.0843,0,-0.2863,-0.0027,0.9581,0,0.0784,0.1498,-0.0127,1]},
{"frame":24,"values":[0.9225,-0.2889,0.2558,0,0.2767,0.9573,0.0833,0,-0.269,-0.006,0.9631,0,0.0784,0.1498,-0.0127,1]},
{"frame":25,"values":[0.9267,-0.2876,0.2418,0,0.2758,0.9577,0.0819,0,-0.2551,-0.0092,0.9669,0,0.0784,0.1498,-0.0127,1]},
{"frame":199,"values":[0.9267,-0.2876,0.2418,0,0.2758,0.9577,0.0819,0,-0.2551,-0.0092,0.9669,0,0.0784,0.1498,-0.0127,1]},
{"frame":210,"values":[0.9267,-0.2876,0.2418,0,0.2758,0.9577,0.0819,0,-0.2551,-0.0092,0.9669,0,0.0784,0.1498,-0.0127,1]},
{"frame":211,"values":[0.9267,-0.2876,0.2418,0,0.2758,0.9577,0.0819,0,-0.2551,-0.0092,0.9669,0,0.0784,0.1498,-0.0127,1]},
{"frame":220,"values":[0.9267,-0.2876,0.2418,0,0.2758,0.9577,0.0819,0,-0.2551,-0.0092,0.9669,0,0.0784,0.1498,-0.0127,1]},
{"frame":221,"values":[0.9267,-0.2876,0.2418,0,0.2758,0.9577,0.0819,0,-0.2551,-0.0092,0.9669,0,0.0784,0.1498,-0.0127,1]},
{"frame":230,"values":[0.9267,-0.2876,0.2418,0,0.2758,0.9577,0.0819,0,-0.2551,-0.0092,0.9669,0,0.0784,0.1498,-0.0127,1]},
{"frame":231,"values":[0.9267,-0.2876,0.2418,0,0.2758,0.9577,0.0819,0,-0.2551,-0.0092,0.9669,0,0.0784,0.1498,-0.0127,1]},
{"frame":240,"values":[0.9267,-0.2876,0.2418,0,0.2758,0.9577,0.0819,0,-0.2551,-0.0092,0.9669,0,0.0784,0.1498,-0.0127,1]},
{"frame":241,"values":[0.9267,-0.2876,0.2418,0,0.2758,0.9577,0.0819,0,-0.2551,-0.0092,0.9669,0,0.0784,0.1498,-0.0127,1]}],"loopBehavior":1,"name":"anim","property":"_matrix"}},
{"name":"mixamorig_LeftArm","index":9,"matrix":[0.6239,-0.78,0.0485,0,0.774,0.6081,-0.1764,0,0.1081,0.1475,0.9831,0,0.1541,-0.0304,0.0003,1],"rest":[1,0,0,0,0,1,0,0,0,0,1,0,0.1541,-0.0304,0.0003,1],"parentBoneIndex":8,"length":0.0265
,"animation":{"dataType":3,"framePerSecond":24,"keys":[
{"frame":0,"values":[0.6604,-0.7375,0.1414,0,0.7505,0.6419,-0.157,0,0.025,0.2098,0.9774,0,0.1541,-0.0304,0.0003,1]},
{"frame":1,"values":[0.6239,-0.78,0.0485,0,0.774,0.6081,-0.1764,0,0.1081,0.1475,0.9831,0,0.1541,-0.0304,0.0003,1]},
{"frame":2,"values":[0.5996,-0.7991,-0.0445,0,0.7835,0.5974,-0.1711,0,0.1633,0.0677,0.9842,0,0.1541,-0.0304,0.0003,1]},
{"frame":3,"values":[0.5585,-0.8219,-0.1118,0,0.8034,0.5696,-0.1735,0,0.2063,0.0071,0.9785,0,0.1541,-0.0304,0.0003,1]},
{"frame":4,"values":[0.5156,-0.8391,-0.1735,0,0.8183,0.5423,-0.1907,0,0.2541,-0.0436,0.9662,0,0.1541,-0.0304,0.0003,1]},
{"frame":5,"values":[0.4858,-0.8464,-0.2181,0,0.8223,0.5272,-0.2143,0,0.2963,-0.0752,0.9521,0,0.1541,-0.0304,0.0003,1]},
{"frame":6,"values":[0.4759,-0.8332,-0.2814,0,0.8095,0.5401,-0.2302,0,0.3439,-0.1182,0.9315,0,0.1541,-0.0304,0.0003,1]},
{"frame":7,"values":[0.4706,-0.8161,-0.3353,0,0.7955,0.5569,-0.239,0,0.3818,-0.1542,0.9113,0,0.1541,-0.0304,0.0003,1]},
{"frame":8,"values":[0.4706,-0.8148,-0.3387,0,0.792,0.5593,-0.2449,0,0.3889,-0.153,0.9085,0,0.1541,-0.0304,0.0003,1]},
{"frame":9,"values":[0.4924,-0.8066,-0.3269,0,0.7767,0.5767,-0.2532,0,0.3928,-0.1293,0.9105,0,0.1541,-0.0304,0.0003,1]},
{"frame":10,"values":[0.5287,-0.8024,-0.2767,0,0.7667,0.5914,-0.2498,0,0.3641,-0.0801,0.9279,0,0.1541,-0.0304,0.0003,1]},
{"frame":11,"values":[0.553,-0.8163,-0.1667,0,0.7861,0.5776,-0.2202,0,0.2761,-0.0092,0.9611,0,0.1541,-0.0304,0.0003,1]},
{"frame":12,"values":[0.5723,-0.8167,-0.0742,0,0.7987,0.5756,-0.1753,0,0.1859,0.0411,0.9817,0,0.1541,-0.0304,0.0003,1]},
{"frame":13,"values":[0.594,-0.8041,-0.024,0,0.7947,0.5911,-0.138,0,0.1252,0.0629,0.9901,0,0.1541,-0.0304,0.0003,1]},
{"frame":14,"values":[0.6237,-0.7816,0.0143,0,0.7779,0.6188,-0.1094,0,0.0766,0.0793,0.9939,0,0.1541,-0.0304,0.0003,1]},
{"frame":15,"values":[0.6534,-0.7544,0.0624,0,0.7563,0.6473,-0.0947,0,0.0311,0.109,0.9936,0,0.1541,-0.0304,0.0003,1]},
